Frame=0
RightRot0=-0.973778,0.207737,0.092742
RightRot1=0.176284,0.431334,0.884802
RightRot2=-0.143803,-0.877950,0.456644
RightPos=-2.726073,-2.647266,-0.161288
LeftRot0=-0.457556,-0.319628,0.829747
LeftRot1=0.049541,0.922546,0.382693
LeftRot2=0.887799,-0.216210,0.406282
LeftPos=1.625876,-3.801972,-2.609859
Frame=1
RightRot0=-0.973765,0.209042,0.089903
RightRot1=0.174077,0.429869,0.885951
RightRot2=-0.146555,-0.878359,0.454981
RightPos=-2.722546,-2.648837,-0.157920
LeftRot0=-0.457915,-0.319404,0.829636
LeftRot1=0.049735,0.922562,0.382631
LeftRot2=0.887604,-0.216474,0.406569
LeftPos=1.626936,-3.801045,-2.610858
Frame=2
RightRot0=-0.973697,0.210011,0.088371
RightRot1=0.172725,0.427412,0.887404
RightRot2=-0.148593,-0.879326,0.452444
RightPos=-2.719203,-2.651661,-0.151222
LeftRot0=-0.458347,-0.318823,0.829621
LeftRot1=0.050033,0.922708,0.382238
LeftRot2=0.887364,-0.216706,0.406969
LeftPos=1.628125,-3.800487,-2.612143
Frame=3
RightRot0=-0.975526,0.205477,0.078290
RightRot1=0.160868,0.424192,0.891169
RightRot2=-0.149905,-0.881953,0.446865
RightPos=-2.714190,-2.652658,-0.138217
LeftRot0=-0.459218,-0.319312,0.828950
LeftRot1=0.049594,0.922491,0.382818
LeftRot2=0.886938,-0.216908,0.407788
LeftPos=1.629161,-3.800372,-2.614666
Frame=4
RightRot0=-0.976872,0.202474,0.068741
RightRot1=0.151218,0.426886,0.891573
RightRot2=-0.151176,-0.881347,0.447631
RightPos=-2.701201,-2.655723,-0.139108
LeftRot0=-0.459615,-0.318367,0.829093
LeftRot1=0.050088,0.922761,0.382103
LeftRot2=0.886704,-0.217148,0.408169
LeftPos=1.629212,-3.801347,-2.616137
Frame=5
RightRot0=-0.976880,0.202294,0.069163
RightRot1=0.151674,0.427787,0.891063
RightRot2=-0.150669,-0.880952,0.448579
RightPos=-2.698802,-2.656572,-0.142941
LeftRot0=-0.459359,-0.317850,0.829434
LeftRot1=0.050561,0.922913,0.381674
LeftRot2=0.886810,-0.217262,0.407878
LeftPos=1.628212,-3.801586,-2.615558
Frame=6
RightRot0=-0.976977,0.201105,0.071222
RightRot1=0.153587,0.431271,0.889054
RightRot2=-0.148077,-0.879524,0.452229
RightPos=-2.698278,-2.657595,-0.152371
LeftRot0=-0.458331,-0.317230,0.830239
LeftRot1=0.051505,0.923082,0.381138
LeftRot2=0.887288,-0.217448,0.406739
LeftPos=1.624220,-3.801755,-2.613584
Frame=7
RightRot0=-0.977096,0.198896,0.075655
RightRot1=0.156780,0.432451,0.887922
RightRot2=-0.143887,-0.879447,0.453729
RightPos=-2.704399,-2.655945,-0.155367
LeftRot0=-0.457217,-0.317378,0.830797
LeftRot1=0.051623,0.923111,0.381054
LeftRot2=0.887856,-0.217113,0.405678
LeftPos=1.620872,-3.803017,-2.612334
Frame=8
RightRot0=-0.976779,0.198142,0.081503
RightRot1=0.161577,0.431444,0.887552
RightRot2=-0.140697,-0.880111,0.453441
RightPos=-2.714044,-2.650247,-0.157532
LeftRot0=-0.456698,-0.316655,0.831358
LeftRot1=0.052168,0.923367,0.380358
LeftRot2=0.888091,-0.217079,0.405180
LeftPos=1.617947,-3.805808,-2.614725
Frame=9
RightRot0=-0.976545,0.197762,0.085142
RightRot1=0.164405,0.429539,0.887957
RightRot2=-0.139033,-0.881128,0.451977
RightPos=-2.719825,-2.643695,-0.157633
LeftRot0=-0.457302,-0.316174,0.831209
LeftRot1=0.052143,0.923525,0.379976
LeftRot2=0.887782,-0.217106,0.405843
LeftPos=1.617861,-3.807948,-2.617761
Frame=10
RightRot0=-0.976373,0.197251,0.088250
RightRot1=0.166771,0.428115,0.888203
RightRot2=-0.137418,-0.881935,0.450895
RightPos=-2.724267,-2.638453,-0.157794
LeftRot0=-0.457431,-0.316541,0.830999
LeftRot1=0.051441,0.923515,0.380098
LeftRot2=0.887756,-0.216616,0.406161
LeftPos=1.617756,-3.811022,-2.619771
Frame=11
RightRot0=-0.975698,0.199259,0.091152
RightRot1=0.170260,0.427572,0.887803
RightRot2=-0.137929,-0.881747,0.451107
RightPos=-2.724958,-2.636990,-0.159469
LeftRot0=-0.457579,-0.315867,0.831173
LeftRot1=0.051806,0.923717,0.379556
LeftRot2=0.887658,-0.216737,0.406310
LeftPos=1.617802,-3.812410,-2.620147
Frame=12
RightRot0=-0.974749,0.203163,0.092683
RightRot1=0.173342,0.426747,0.887603
RightRot2=-0.140776,-0.881256,0.451188
RightPos=-2.722139,-2.638495,-0.160353
LeftRot0=-0.457550,-0.314916,0.831551
LeftRot1=0.052665,0.923944,0.378884
LeftRot2=0.887623,-0.217152,0.406166
LeftPos=1.617564,-3.813268,-2.620301
Frame=13
RightRot0=-0.974218,0.205755,0.092541
RightRot1=0.174491,0.427173,0.887173
RightRot2=-0.143009,-0.880448,0.452062
RightPos=-2.717741,-2.642114,-0.162083
LeftRot0=-0.457065,-0.314948,0.831805
LeftRot1=0.053018,0.923897,0.378949
LeftRot2=0.887852,-0.217305,0.405583
LeftPos=1.615999,-3.813066,-2.620181
Frame=14
RightRot0=-0.973844,0.207460,0.092676
RightRot1=0.175481,0.427590,0.886777
RightRot2=-0.144343,-0.879845,0.452811
RightPos=-2.714712,-2.644524,-0.163553
LeftRot0=-0.457005,-0.315216,0.831737
LeftRot1=0.053065,0.923770,0.379252
LeftRot2=0.887880,-0.217456,0.405440
LeftPos=1.614621,-3.813169,-2.621502
Frame=15
RightRot0=-0.973445,0.208740,0.093985
RightRot1=0.177288,0.427679,0.886374
RightRot2=-0.144827,-0.879499,0.453329
RightPos=-2.714116,-2.645076,-0.164308
LeftRot0=-0.457143,-0.314610,0.831890
LeftRot1=0.054009,0.923800,0.379048
LeftRot2=0.887752,-0.218209,0.405317
LeftPos=1.612797,-3.811460,-2.623016
Frame=16
RightRot0=-0.973305,0.209186,0.094443
RightRot1=0.177889,0.427525,0.886329
RightRot2=-0.145030,-0.879468,0.453323
RightPos=-2.713742,-2.644606,-0.165266
LeftRot0=-0.457210,-0.314427,0.831922
LeftRot1=0.054921,0.923651,0.379280
LeftRot2=0.887661,-0.219101,0.405034
LeftPos=1.610474,-3.808783,-2.624296
Frame=17
RightRot0=-0.972990,0.210282,0.095245
RightRot1=0.179024,0.426862,0.886419
RightRot2=-0.145742,-0.879529,0.452978
RightPos=-2.715473,-2.644026,-0.165513
LeftRot0=-0.457290,-0.315113,0.831619
LeftRot1=0.055087,0.923288,0.380139
LeftRot2=0.887610,-0.219645,0.404851
LeftPos=1.608707,-3.806225,-2.625799
Frame=18
RightRot0=-0.972701,0.210738,0.097172
RightRot1=0.180958,0.426647,0.886130
RightRot2=-0.145283,-0.879524,0.453135
RightPos=-2.717601,-2.643878,-0.168144
LeftRot0=-0.456960,-0.314924,0.831871
LeftRot1=0.055608,0.923282,0.380077
LeftRot2=0.887747,-0.219939,0.404391
LeftPos=1.607496,-3.804576,-2.626325
Frame=19
RightRot0=-0.972978,0.209602,0.096853
RightRot1=0.180233,0.427247,0.885989
RightRot2=-0.144324,-0.879504,0.453479
RightPos=-2.718829,-2.643121,-0.170359
LeftRot0=-0.456320,-0.315002,0.832194
LeftRot1=0.055415,0.923367,0.379899
LeftRot2=0.888089,-0.219471,0.403894
LeftPos=1.606552,-3.805016,-2.626964
Frame=20
RightRot0=-0.972922,0.209882,0.096816
RightRot1=0.180297,0.427044,0.886074
RightRot2=-0.144626,-0.879536,0.453321
RightPos=-2.719783,-2.641968,-0.170228
LeftRot0=-0.456189,-0.315389,0.832119
LeftRot1=0.054836,0.923348,0.380029
LeftRot2=0.888192,-0.218996,0.403926
LeftPos=1.606508,-3.806054,-2.627818
Frame=21
RightRot0=-0.972471,0.212059,0.096600
RightRot1=0.181041,0.426551,0.886159
RightRot2=-0.146714,-0.879253,0.453200
RightPos=-2.717479,-2.640798,-0.171194
LeftRot0=-0.456477,-0.315047,0.832090
LeftRot1=0.054328,0.923597,0.379497
LeftRot2=0.888075,-0.218437,0.404485
LeftPos=1.606712,-3.808272,-2.630844
Frame=22
RightRot0=-0.972505,0.212292,0.095739
RightRot1=0.180407,0.426797,0.886170
RightRot2=-0.147265,-0.879077,0.453361
RightPos=-2.716944,-2.641534,-0.171873
LeftRot0=-0.456760,-0.314642,0.832088
LeftRot1=0.054615,0.923679,0.379255
LeftRot2=0.887912,-0.218673,0.404716
LeftPos=1.606196,-3.808899,-2.631861
Frame=23
RightRot0=-0.972236,0.213323,0.096183
RightRot1=0.181228,0.426393,0.886197
RightRot2=-0.148034,-0.879023,0.453215
RightPos=-2.718306,-2.642127,-0.170954
LeftRot0=-0.457017,-0.314318,0.832069
LeftRot1=0.054521,0.923821,0.378923
LeftRot2=0.887785,-0.218540,0.405065
LeftPos=1.604546,-3.810041,-2.632650
Frame=24
RightRot0=-0.972113,0.213569,0.096876
RightRot1=0.182057,0.426873,0.885796
RightRot2=-0.147825,-0.878731,0.453851
RightPos=-2.719975,-2.643403,-0.171517
LeftRot0=-0.457134,-0.313917,0.832156
LeftRot1=0.054943,0.923886,0.378702
LeftRot2=0.887699,-0.218839,0.405093
LeftPos=1.602351,-3.810970,-2.632636
Frame=25
RightRot0=-0.972151,0.213321,0.097042
RightRot1=0.182179,0.427396,0.885519
RightRot2=-0.147424,-0.878537,0.454356
RightPos=-2.721657,-2.644042,-0.172997
LeftRot0=-0.456858,-0.313189,0.832583
LeftRot1=0.055361,0.924145,0.378010
LeftRot2=0.887815,-0.218789,0.404864
LeftPos=1.599423,-3.812577,-2.631899
Frame=26
RightRot0=-0.972095,0.213415,0.097396
RightRot1=0.182476,0.426979,0.885659
RightRot2=-0.147427,-0.878716,0.454007
RightPos=-2.721849,-2.644283,-0.172861
LeftRot0=-0.456365,-0.313417,0.832767
LeftRot1=0.055203,0.924135,0.378056
LeftRot2=0.888079,-0.218503,0.404441
LeftPos=1.598020,-3.813994,-2.631403
Frame=27
RightRot0=-0.972101,0.213500,0.097143
RightRot1=0.182250,0.426771,0.885805
RightRot2=-0.147661,-0.878797,0.453775
RightPos=-2.719591,-2.644227,-0.174285
LeftRot0=-0.455406,-0.312728,0.833551
LeftRot1=0.055396,0.924507,0.377118
LeftRot2=0.888559,-0.217917,0.403702
LeftPos=1.594617,-3.817846,-2.630469
Frame=28
RightRot0=-0.972202,0.213553,0.096010
RightRot1=0.181240,0.426762,0.886017
RightRot2=-0.148238,-0.878789,0.453603
RightPos=-2.719331,-2.644172,-0.174204
LeftRot0=-0.455667,-0.312893,0.833346
LeftRot1=0.055066,0.924484,0.377222
LeftRot2=0.888445,-0.217777,0.404027
LeftPos=1.593922,-3.819110,-2.631577
Frame=29
RightRot0=-0.971951,0.214598,0.096228
RightRot1=0.181801,0.425993,0.886272
RightRot2=-0.149200,-0.878907,0.453058
RightPos=-2.717733,-2.646292,-0.173747
LeftRot0=-0.456294,-0.312890,0.833004
LeftRot1=0.055280,0.924363,0.377488
LeftRot2=0.888110,-0.218294,0.404485
LeftPos=1.594400,-3.818450,-2.632103
Frame=30
RightRot0=-0.971913,0.214686,0.096413
RightRot1=0.182089,0.426451,0.885993
RightRot2=-0.149095,-0.878663,0.453565
RightPos=-2.718956,-2.645083,-0.173952
LeftRot0=-0.456237,-0.312970,0.833005
LeftRot1=0.055295,0.924330,0.377567
LeftRot2=0.888139,-0.218321,0.404407
LeftPos=1.595286,-3.817451,-2.631418
Frame=31
RightRot0=-0.972026,0.214093,0.096592
RightRot1=0.181863,0.425802,0.886351
RightRot2=-0.148633,-0.879123,0.452826
RightPos=-2.720437,-2.644440,-0.172988
LeftRot0=-0.456165,-0.313145,0.832979
LeftRot1=0.055725,0.924153,0.377937
LeftRot2=0.888149,-0.218819,0.404116
LeftPos=1.596101,-3.815421,-2.629835
Frame=32
RightRot0=-0.971829,0.214538,0.097582
RightRot1=0.182800,0.424767,0.886655
RightRot2=-0.148771,-0.879515,0.452018
RightPos=-2.721974,-2.643349,-0.170869
LeftRot0=-0.456542,-0.312707,0.832937
LeftRot1=0.055952,0.924253,0.377658
LeftRot2=0.887941,-0.219021,0.404464
LeftPos=1.597528,-3.813739,-2.630450
Frame=33
RightRot0=-0.971627,0.214917,0.098753
RightRot1=0.184025,0.424645,0.886460
RightRot2=-0.148581,-0.879481,0.452147
RightPos=-2.722939,-2.643305,-0.170557
LeftRot0=-0.457127,-0.313739,0.832227
LeftRot1=0.055195,0.923906,0.378618
LeftRot2=0.887687,-0.219011,0.405026
LeftPos=1.598626,-3.812809,-2.631871
Frame=34
RightRot0=-0.971827,0.214108,0.098539
RightRot1=0.183521,0.425064,0.886364
RightRot2=-0.147892,-0.879476,0.452382
RightPos=-2.722546,-2.642948,-0.169782
LeftRot0=-0.457317,-0.313422,0.832243
LeftRot1=0.055712,0.923901,0.378554
LeftRot2=0.887557,-0.219485,0.405054
LeftPos=1.599249,-3.810476,-2.632567
Frame=35
RightRot0=-0.971614,0.215246,0.098164
RightRot1=0.183633,0.424592,0.886567
RightRot2=-0.149151,-0.879426,0.452066
RightPos=-2.720813,-2.642489,-0.170542
LeftRot0=-0.457031,-0.313432,0.832396
LeftRot1=0.056097,0.923833,0.378662
LeftRot2=0.887680,-0.219755,0.404638
LeftPos=1.599135,-3.809045,-2.631876
Frame=36
RightRot0=-0.971280,0.216993,0.097614
RightRot1=0.183947,0.424567,0.886514
RightRot2=-0.150924,-0.879009,0.452289
RightPos=-2.717492,-2.643175,-0.171542
LeftRot0=-0.457108,-0.313753,0.832233
LeftRot1=0.055837,0.923743,0.378921
LeftRot2=0.887657,-0.219677,0.404731
LeftPos=1.598128,-3.809320,-2.632678
Frame=37
RightRot0=-0.971294,0.217203,0.097005
RightRot1=0.183551,0.424925,0.886424
RightRot2=-0.151314,-0.878784,0.452595
RightPos=-2.715549,-2.643568,-0.171463
LeftRot0=-0.457366,-0.313860,0.832050
LeftRot1=0.055659,0.923709,0.379030
LeftRot2=0.887535,-0.219666,0.405004
LeftPos=1.597402,-3.809821,-2.634000
Frame=38
RightRot0=-0.971491,0.216433,0.096757
RightRot1=0.182870,0.424381,0.886826
RightRot2=-0.150876,-0.879237,0.451861
RightPos=-2.716152,-2.644477,-0.170113
LeftRot0=-0.456986,-0.312932,0.832609
LeftRot1=0.056328,0.924009,0.378200
LeftRot2=0.887688,-0.219731,0.404633
LeftPos=1.596578,-3.810237,-2.632987
Frame=39
RightRot0=-0.971498,0.216075,0.097483
RightRot1=0.183483,0.425075,0.886366
RightRot2=-0.150084,-0.878990,0.452606
RightPos=-2.716788,-2.646811,-0.171620
LeftRot0=-0.455589,-0.313661,0.833100
LeftRot1=0.056070,0.923898,0.378509
LeftRot2=0.888423,-0.219157,0.403330
LeftPos=1.595021,-3.812258,-2.629450
Frame=40
RightRot0=-0.971642,0.215413,0.097512
RightRot1=0.183338,0.425896,0.886002
RightRot2=-0.149327,-0.878755,0.453312
RightPos=-2.718975,-2.647300,-0.171626
LeftRot0=-0.455243,-0.313344,0.833408
LeftRot1=0.055791,0.924149,0.377936
LeftRot2=0.888618,-0.218550,0.403230
LeftPos=1.593786,-3.813771,-2.628145
Frame=41
RightRot0=-0.971788,0.215011,0.096950
RightRot1=0.182623,0.425813,0.886190
RightRot2=-0.149258,-0.878894,0.453065
RightPos=-2.718554,-2.647861,-0.170219
LeftRot0=-0.454822,-0.313010,0.833763
LeftRot1=0.056073,0.924278,0.377579
LeftRot2=0.888815,-0.218483,0.402830
LeftPos=1.593262,-3.813854,-2.627265
Frame=42
RightRot0=-0.971651,0.215447,0.097353
RightRot1=0.183200,0.425840,0.886057
RightRot2=-0.149441,-0.878773,0.453238
RightPos=-2.719536,-2.647726,-0.167795
LeftRot0=-0.455156,-0.312564,0.833748
LeftRot1=0.055971,0.924468,0.377130
LeftRot2=0.888651,-0.218318,0.403283
LeftPos=1.594057,-3.814209,-2.628171
Frame=43
RightRot0=-0.971761,0.215060,0.097109
RightRot1=0.182908,0.426506,0.885798
RightRot2=-0.149082,-0.878546,0.453798
RightPos=-2.721638,-2.648781,-0.166109
LeftRot0=-0.455918,-0.313160,0.833109
LeftRot1=0.055018,0.924347,0.377564
LeftRot2=0.888320,-0.217974,0.404197
LeftPos=1.595064,-3.816079,-2.630243
Frame=44
RightRot0=-0.971702,0.215235,0.097306
RightRot1=0.183174,0.426526,0.885733
RightRot2=-0.149138,-0.878493,0.453882
RightPos=-2.723182,-2.651306,-0.164951
LeftRot0=-0.456065,-0.312518,0.833269
LeftRot1=0.055591,0.924481,0.377153
LeftRot2=0.888208,-0.218329,0.404250
LeftPos=1.595510,-3.815739,-2.630150
Frame=45
RightRot0=-0.971728,0.214957,0.097660
RightRot1=0.183314,0.426220,0.885851
RightRot2=-0.148795,-0.878709,0.453575
RightPos=-2.724582,-2.652620,-0.163827
LeftRot0=-0.456093,-0.312288,0.833340
LeftRot1=0.055901,0.924506,0.377046
LeftRot2=0.888174,-0.218553,0.404204
LeftPos=1.593960,-3.815258,-2.628823
Frame=46
RightRot0=-0.971632,0.215066,0.098374
RightRot1=0.184171,0.427139,0.885231
RightRot2=-0.148364,-0.878236,0.454631
RightPos=-2.726299,-2.654500,-0.165746
LeftRot0=-0.456135,-0.313155,0.832992
LeftRot1=0.055292,0.924258,0.377743
LeftRot2=0.888191,-0.218359,0.404271
LeftPos=1.591102,-3.815949,-2.628807
Frame=47
RightRot0=-0.971598,0.215262,0.098283
RightRot1=0.184208,0.427301,0.885145
RightRot2=-0.148541,-0.878110,0.454818
RightPos=-2.726192,-2.656398,-0.166324
LeftRot0=-0.455268,-0.313686,0.833266
LeftRot1=0.055034,0.924177,0.377978
LeftRot2=0.888652,-0.217940,0.403485
LeftPos=1.588447,-3.816910,-2.626847
Frame=48
RightRot0=-0.971739,0.215254,0.096896
RightRot1=0.182851,0.426770,0.885682
RightRot2=-0.149294,-0.878370,0.454068
RightPos=-2.725506,-2.656490,-0.164551
LeftRot0=-0.454045,-0.314277,0.833710
LeftRot1=0.054788,0.924105,0.378190
LeftRot2=0.889293,-0.217393,0.402367
LeftPos=1.585520,-3.816585,-2.624146
Frame=49
RightRot0=-0.971533,0.216221,0.096811
RightRot1=0.183094,0.425983,0.886011
RightRot2=-0.150334,-0.878514,0.453445
RightPos=-2.723763,-2.657441,-0.163807
LeftRot0=-0.453408,-0.314622,0.833927
LeftRot1=0.055121,0.923938,0.378550
LeftRot2=0.889597,-0.217604,0.401578
LeftPos=1.583947,-3.813622,-2.622495
Frame=50
RightRot0=-0.971754,0.215455,0.096303
RightRot1=0.182324,0.426298,0.886018
RightRot2=-0.149843,-0.878550,0.453539
RightPos=-2.723890,-2.658763,-0.164293
LeftRot0=-0.453258,-0.314895,0.833906
LeftRot1=0.055445,0.923751,0.378959
LeftRot2=0.889653,-0.218002,0.401238
LeftPos=1.584564,-3.810368,-2.622181
Frame=51
RightRot0=-0.971786,0.215361,0.096186
RightRot1=0.182190,0.426395,0.885999
RightRot2=-0.149796,-0.878525,0.453602
RightPos=-2.725261,-2.659565,-0.163521
LeftRot0=-0.453409,-0.315988,0.833410
LeftRot1=0.054803,0.923394,0.379921
LeftRot2=0.889616,-0.217934,0.401358
LeftPos=1.586373,-3.807125,-2.623685
Frame=52
RightRot0=-0.971665,0.215683,0.096683
RightRot1=0.182663,0.425623,0.886273
RightRot2=-0.150004,-0.878821,0.452961
RightPos=-2.727452,-2.657842,-0.160894
LeftRot0=-0.454529,-0.316763,0.832505
LeftRot1=0.054348,0.923026,0.380879
LeftRot2=0.889072,-0.218365,0.402327
LeftPos=1.588813,-3.802838,-2.626607
Frame=53
RightRot0=-0.971606,0.215763,0.097096
RightRot1=0.183067,0.425563,0.886218
RightRot2=-0.149893,-0.878830,0.452979
RightPos=-2.726673,-2.655787,-0.160595
LeftRot0=-0.455621,-0.316436,0.832032
LeftRot1=0.055252,0.922830,0.381223
LeftRot2=0.888457,-0.219665,0.402977
LeftPos=1.590981,-3.797697,-2.628435
Frame=54
RightRot0=-0.971434,0.216479,0.097223
RightRot1=0.183467,0.425255,0.886283
RightRot2=-0.150517,-0.878803,0.452825
RightPos=-2.728385,-2.652822,-0.159088
LeftRot0=-0.455939,-0.316372,0.831883
LeftRot1=0.055838,0.922678,0.381506
LeftRot2=0.888258,-0.220394,0.403020
LeftPos=1.591711,-3.794843,-2.628953
Frame=55
RightRot0=-0.971318,0.217107,0.096989
RightRot1=0.183450,0.424684,0.886561
RightRot2=-0.151289,-0.878924,0.452331
RightPos=-2.728769,-2.649377,-0.158097
LeftRot0=-0.455526,-0.317156,0.831810
LeftRot1=0.055810,0.922373,0.382249
LeftRot2=0.888471,-0.220547,0.402465
LeftPos=1.590935,-3.794926,-2.628386
Frame=56
RightRot0=-0.971270,0.217509,0.096565
RightRot1=0.183251,0.424680,0.886604
RightRot2=-0.151835,-0.878827,0.452338
RightPos=-2.728574,-2.646749,-0.159123
LeftRot0=-0.455627,-0.317046,0.831797
LeftRot1=0.056020,0.922359,0.382250
LeftRot2=0.888407,-0.220760,0.402490
LeftPos=1.589866,-3.796576,-2.629953
Frame=57
RightRot0=-0.971094,0.218357,0.096421
RightRot1=0.183397,0.423984,0.886907
RightRot2=-0.152781,-0.878953,0.451774
RightPos=-2.725341,-2.645518,-0.161004
LeftRot0=-0.455543,-0.315804,0.832315
LeftRot1=0.056678,0.922775,0.381148
LeftRot2=0.888408,-0.220803,0.402465
LeftPos=1.588612,-3.799074,-2.629591
Frame=58
RightRot0=-0.970951,0.219083,0.096209
RightRot1=0.183535,0.423923,0.886907
RightRot2=-0.153521,-0.878801,0.451818
RightPos=-2.723789,-2.644182,-0.161452
LeftRot0=-0.454639,-0.315606,0.832884
LeftRot1=0.056971,0.922896,0.380812
LeftRot2=0.888852,-0.220582,0.401604
LeftPos=1.587322,-3.802298,-2.627853
Frame=59
RightRot0=-0.970937,0.219453,0.095508
RightRot1=0.183236,0.424882,0.886510
RightRot2=-0.153967,-0.878246,0.452745
RightPos=-2.720923,-2.643441,-0.164078
LeftRot0=-0.453808,-0.315765,0.833277
LeftRot1=0.056468,0.923042,0.380533
LeftRot2=0.889309,-0.219742,0.401053
LeftPos=1.586186,-3.805830,-2.626855
Frame=60
RightRot0=-0.970800,0.220138,0.095328
RightRot1=0.183380,0.424802,0.886519
RightRot2=-0.154661,-0.878113,0.452766
RightPos=-2.718249,-2.642511,-0.165492
LeftRot0=-0.453962,-0.315807,0.833177
LeftRot1=0.056796,0.922924,0.380770
LeftRot2=0.889209,-0.220176,0.401035
LeftPos=1.586689,-3.806693,-2.628150
Frame=61
RightRot0=-0.970772,0.220389,0.095035
RightRot1=0.183278,0.425076,0.886408
RightRot2=-0.154957,-0.877917,0.453044
RightPos=-2.716759,-2.642135,-0.166045
LeftRot0=-0.454357,-0.314777,0.833352
LeftRot1=0.057789,0.923103,0.380186
LeftRot2=0.888943,-0.220899,0.401227
LeftPos=1.588035,-3.806107,-2.629036
Frame=62
RightRot0=-0.970661,0.221518,0.093528
RightRot1=0.182547,0.425706,0.886257
RightRot2=-0.156506,-0.877328,0.453653
RightPos=-2.713562,-2.643239,-0.166016
LeftRot0=-0.455445,-0.314040,0.833036
LeftRot1=0.058497,0.923139,0.379989
LeftRot2=0.888340,-0.221794,0.402069
LeftPos=1.591109,-3.807652,-2.632390
Frame=63
RightRot0=-0.970582,0.221908,0.093421
RightRot1=0.182655,0.425827,0.886176
RightRot2=-0.156868,-0.877171,0.453833
RightPos=-2.712378,-2.642293,-0.166046
LeftRot0=-0.456023,-0.314573,0.832518
LeftRot1=0.058195,0.922905,0.380604
LeftRot2=0.888063,-0.222013,0.402559
LeftPos=1.591612,-3.808687,-2.632917
Frame=64
RightRot0=-0.970374,0.222761,0.093553
RightRot1=0.183326,0.426648,0.885643
RightRot2=-0.157372,-0.876555,0.454846
RightPos=-2.711908,-2.642649,-0.167484
LeftRot0=-0.456713,-0.312625,0.832874
LeftRot1=0.059934,0.923279,0.379425
LeftRot2=0.887593,-0.223205,0.402937
LeftPos=1.592945,-3.810275,-2.631723
Frame=65
RightRot0=-0.970293,0.222872,0.094128
RightRot1=0.183877,0.426499,0.885600
RightRot2=-0.157230,-0.876600,0.454810
RightPos=-2.712167,-2.642320,-0.168028
LeftRot0=-0.455839,-0.312564,0.833375
LeftRot1=0.060024,0.923385,0.379154
LeftRot2=0.888036,-0.222856,0.402154
LeftPos=1.591861,-3.814153,-2.627953
Frame=66
RightRot0=-0.970435,0.222294,0.094029
RightRot1=0.183525,0.426567,0.885640
RightRot2=-0.156763,-0.876713,0.454752
RightPos=-2.712715,-2.641676,-0.167518
LeftRot0=-0.455527,-0.312867,0.833432
LeftRot1=0.059500,0.923414,0.379166
LeftRot2=0.888231,-0.222310,0.402025
LeftPos=1.591460,-3.816671,-2.626671
Frame=67
RightRot0=-0.970385,0.222257,0.094629
RightRot1=0.183840,0.425359,0.886156
RightRot2=-0.156703,-0.877310,0.453621
RightPos=-2.709577,-2.639136,-0.167247
LeftRot0=-0.455402,-0.312815,0.833520
LeftRot1=0.058906,0.923600,0.378805
LeftRot2=0.888335,-0.221609,0.402183
LeftPos=1.590300,-3.821931,-2.627300
Frame=68
RightRot0=-0.970217,0.223146,0.094257
RightRot1=0.183738,0.424344,0.886664
RightRot2=-0.157858,-0.877575,0.452707
RightPos=-2.706203,-2.638203,-0.166787
LeftRot0=-0.455355,-0.312718,0.833582
LeftRot1=0.059049,0.923613,0.378750
LeftRot2=0.888350,-0.221688,0.402106
LeftPos=1.590447,-3.823009,-2.627970
Frame=69
RightRot0=-0.970185,0.223485,0.093791
RightRot1=0.183375,0.423815,0.886992
RightRot2=-0.158479,-0.877744,0.452161
RightPos=-2.704683,-2.638068,-0.166005
LeftRot0=-0.455476,-0.312552,0.833578
LeftRot1=0.059076,0.923669,0.378611
LeftRot2=0.888286,-0.221693,0.402245
LeftPos=1.590579,-3.823153,-2.628749
Frame=70
RightRot0=-0.970134,0.223765,0.093648
RightRot1=0.183363,0.423739,0.887031
RightRot2=-0.158804,-0.877710,0.452113
RightPos=-2.702754,-2.638588,-0.166641
LeftRot0=-0.455853,-0.312668,0.833329
LeftRot1=0.059236,0.923533,0.378916
LeftRot2=0.888082,-0.222093,0.402474
LeftPos=1.590116,-3.821909,-2.629516
Frame=71
RightRot0=-0.969935,0.224234,0.094581
RightRot1=0.184542,0.424315,0.886511
RightRot2=-0.158654,-0.877312,0.452939
RightPos=-2.704348,-2.641026,-0.168785
LeftRot0=-0.455232,-0.312294,0.833808
LeftRot1=0.059807,0.923631,0.378589
LeftRot2=0.888362,-0.222213,0.401789
LeftPos=1.588399,-3.819221,-2.629427
Frame=72
RightRot0=-0.969935,0.224179,0.094707
RightRot1=0.184614,0.424221,0.886541
RightRot2=-0.158567,-0.877371,0.452854
RightPos=-2.704988,-2.641068,-0.168218
LeftRot0=-0.455027,-0.312524,0.833834
LeftRot1=0.059754,0.923563,0.378762
LeftRot2=0.888470,-0.222172,0.401572
LeftPos=1.587849,-3.819049,-2.629536
Frame=73
RightRot0=-0.970055,0.223826,0.094317
RightRot1=0.184075,0.424139,0.886692
RightRot2=-0.158461,-0.877501,0.452639
RightPos=-2.705062,-2.641114,-0.166566
LeftRot0=-0.455216,-0.312817,0.833621
LeftRot1=0.059499,0.923472,0.379025
LeftRot2=0.888391,-0.222138,0.401767
LeftPos=1.586846,-3.819083,-2.631332
Frame=74
RightRot0=-0.969756,0.224766,0.095156
RightRot1=0.185233,0.423846,0.886591
RightRot2=-0.158944,-0.877402,0.452661
RightPos=-2.705419,-2.640701,-0.164577
LeftRot0=-0.453761,-0.312807,0.834418
LeftRot1=0.059125,0.923734,0.378443
LeftRot2=0.889160,-0.221058,0.400660
LeftPos=1.583690,-3.821074,-2.630128
Frame=75
RightRot0=-0.969780,0.224528,0.095465
RightRot1=0.185374,0.423684,0.886639
RightRot2=-0.158628,-0.877541,0.452502
RightPos=-2.706435,-2.640749,-0.162896
LeftRot0=-0.453230,-0.313154,0.834576
LeftRot1=0.058929,0.923686,0.378593
LeftRot2=0.889444,-0.220771,0.400188
LeftPos=1.581902,-3.822347,-2.629245
Frame=76
RightRot0=-0.969984,0.223324,0.096212
RightRot1=0.185478,0.423621,0.886647
RightRot2=-0.157252,-0.877879,0.452327
RightPos=-2.711669,-2.642248,-0.160516
LeftRot0=-0.452912,-0.313136,0.834755
LeftRot1=0.058507,0.923834,0.378296
LeftRot2=0.889633,-0.220174,0.400095
LeftPos=1.577720,-3.824375,-2.631070
Frame=77
RightRot0=-0.969632,0.224069,0.098015
RightRot1=0.187745,0.425119,0.885452
RightRot2=-0.156735,-0.876965,0.454277
RightPos=-2.714318,-2.645907,-0.162595
LeftRot0=-0.451993,-0.312335,0.835553
LeftRot1=0.059452,0.924066,0.377582
LeftRot2=0.890038,-0.220339,0.399102
LeftPos=1.574762,-3.824253,-2.629043
Frame=78
RightRot0=-0.969594,0.223978,0.098596
RightRot1=0.188396,0.426037,0.884873
RightRot2=-0.156186,-0.876542,0.455280
RightPos=-2.717092,-2.646868,-0.163749
LeftRot0=-0.451845,-0.312564,0.835548
LeftRot1=0.059538,0.923957,0.377834
LeftRot2=0.890108,-0.220469,0.398876
LeftPos=1.573565,-3.824524,-2.628734
Frame=79
RightRot0=-0.969631,0.224001,0.098184
RightRot1=0.188090,0.426369,0.884778
RightRot2=-0.156329,-0.876375,0.455553
RightPos=-2.718481,-2.647833,-0.163703
LeftRot0=-0.452155,-0.313237,0.835128
LeftRot1=0.058878,0.923782,0.378366
LeftRot2=0.889994,-0.220251,0.399249
LeftPos=1.571527,-3.825093,-2.630096
Frame=80
RightRot0=-0.968698,0.228039,0.098097
RightRot1=0.189885,0.426124,0.884512
RightRot2=-0.159902,-0.875452,0.456086
RightPos=-2.715309,-2.648132,-0.163772
LeftRot0=-0.451436,-0.313527,0.835407
LeftRot1=0.058826,0.923743,0.378468
LeftRot2=0.890362,-0.219998,0.398568
LeftPos=1.569693,-3.826058,-2.628613
Frame=81
RightRot0=-0.968512,0.228795,0.098169
RightRot1=0.190342,0.426301,0.884329
RightRot2=-0.160480,-0.875169,0.456427
RightPos=-2.715424,-2.647779,-0.163514
LeftRot0=-0.451638,-0.313029,0.835485
LeftRot1=0.059094,0.923880,0.378092
LeftRot2=0.890242,-0.220133,0.398761
LeftPos=1.569947,-3.826254,-2.629133
Frame=82
RightRot0=-0.968714,0.228111,0.097766
RightRot1=0.189729,0.426733,0.884252
RightRot2=-0.159988,-0.875137,0.456662
RightPos=-2.719306,-2.644644,-0.163218
LeftRot0=-0.452678,-0.312355,0.835175
LeftRot1=0.059226,0.924036,0.377690
LeftRot2=0.889705,-0.220436,0.399791
LeftPos=1.571404,-3.826773,-2.629607
Frame=83
RightRot0=-0.968606,0.228559,0.097790
RightRot1=0.189845,0.426084,0.884540
RightRot2=-0.160503,-0.875336,0.456099
RightPos=-2.721441,-2.642276,-0.161241
LeftRot0=-0.452150,-0.312693,0.835334
LeftRot1=0.058938,0.924013,0.377791
LeftRot2=0.889992,-0.220051,0.399363
LeftPos=1.572259,-3.828827,-2.626580
Frame=84
RightRot0=-0.968508,0.228911,0.097942
RightRot1=0.190117,0.425898,0.884571
RightRot2=-0.160775,-0.875335,0.456005
RightPos=-2.722400,-2.641407,-0.161088
LeftRot0=-0.451933,-0.311866,0.835761
LeftRot1=0.059340,0.924312,0.376997
LeftRot2=0.890076,-0.219971,0.399221
LeftPos=1.572874,-3.829994,-2.624374
Frame=85
RightRot0=-0.968711,0.228186,0.097622
RightRot1=0.189480,0.425901,0.884706
RightRot2=-0.160300,-0.875522,0.455812
RightPos=-2.723621,-2.640797,-0.161098
LeftRot0=-0.452185,-0.311745,0.835670
LeftRot1=0.059535,0.924290,0.377019
LeftRot2=0.889935,-0.220234,0.399390
LeftPos=1.573663,-3.830134,-2.623791
Frame=86
RightRot0=-0.968705,0.227709,0.098795
RightRot1=0.190059,0.424445,0.885282
RightRot2=-0.159653,-0.876353,0.454440
RightPos=-2.722918,-2.639631,-0.161384
LeftRot0=-0.452720,-0.312549,0.835079
LeftRot1=0.058945,0.924013,0.377790
LeftRot2=0.889702,-0.220257,0.399896
LeftPos=1.575779,-3.828972,-2.622952
Frame=87
RightRot0=-0.968607,0.227990,0.099102
RightRot1=0.190413,0.424115,0.885364
RightRot2=-0.159823,-0.876440,0.454213
RightPos=-2.720659,-2.640450,-0.163362
LeftRot0=-0.453075,-0.312476,0.834914
LeftRot1=0.059228,0.923936,0.377934
LeftRot2=0.889503,-0.220682,0.400105
LeftPos=1.576954,-3.827628,-2.622778
Frame=88
RightRot0=-0.968527,0.229378,0.096653
RightRot1=0.189102,0.425574,0.884945
RightRot2=-0.161854,-0.875370,0.455555
RightPos=-2.719014,-2.643605,-0.167324
LeftRot0=-0.454724,-0.311455,0.834399
LeftRot1=0.060533,0.923887,0.377847
LeftRot2=0.888573,-0.222324,0.401260
LeftPos=1.580685,-3.821436,-2.622701
Frame=89
RightRot0=-0.968437,0.230088,0.095864
RightRot1=0.188708,0.425520,0.885055
RightRot2=-0.162849,-0.875210,0.455509
RightPos=-2.718068,-2.645292,-0.169458
LeftRot0=-0.455335,-0.311467,0.834061
LeftRot1=0.060867,0.923729,0.378181
LeftRot2=0.888237,-0.222966,0.401648
LeftPos=1.583190,-3.819366,-2.622345
Frame=90
RightRot0=-0.968515,0.229939,0.095432
RightRot1=0.188239,0.425501,0.885164
RightRot2=-0.162927,-0.875258,0.455387
RightPos=-2.715859,-2.645306,-0.172771
LeftRot0=-0.455829,-0.311472,0.833790
LeftRot1=0.060764,0.923696,0.378278
LeftRot2=0.887991,-0.223094,0.402121
LeftPos=1.584000,-3.819901,-2.621623
Frame=91
RightRot0=-0.968507,0.230083,0.095159
RightRot1=0.188068,0.425554,0.885175
RightRot2=-0.163168,-0.875194,0.455424
RightPos=-2.716460,-2.643701,-0.172740
LeftRot0=-0.456091,-0.311303,0.833710
LeftRot1=0.060834,0.923725,0.378194
LeftRot2=0.887851,-0.223209,0.402365
LeftPos=1.584181,-3.820417,-2.621213
Frame=92
RightRot0=-0.968447,0.230660,0.094370
RightRot1=0.187394,0.424343,0.885899
RightRot2=-0.164296,-0.875631,0.454178
RightPos=-2.715680,-2.640908,-0.171907
LeftRot0=-0.455443,-0.310679,0.834296
LeftRot1=0.061222,0.923984,0.377499
LeftRot2=0.888157,-0.223007,0.401801
LeftPos=1.584087,-3.822762,-2.618955
Frame=93
RightRot0=-0.968503,0.230477,0.094247
RightRot1=0.187138,0.424042,0.886097
RightRot2=-0.164260,-0.875825,0.453817
RightPos=-2.715672,-2.640130,-0.171396
LeftRot0=-0.455168,-0.311155,0.834269
LeftRot1=0.060920,0.923876,0.377813
LeftRot2=0.888319,-0.222792,0.401563
LeftPos=1.583544,-3.823872,-2.617898
Frame=94
RightRot0=-0.968538,0.230214,0.094528
RightRot1=0.187266,0.424018,0.886081
RightRot2=-0.163907,-0.875905,0.453789
RightPos=-2.715682,-2.638723,-0.171619
LeftRot0=-0.455729,-0.310647,0.834152
LeftRot1=0.061059,0.924007,0.377469
LeftRot2=0.888022,-0.222956,0.402129
LeftPos=1.583436,-3.825184,-2.618230
Frame=95
RightRot0=-0.968403,0.230462,0.095309
RightRot1=0.187910,0.423010,0.886427
RightRot2=-0.163971,-0.876327,0.452950
RightPos=-2.715895,-2.639491,-0.171447
LeftRot0=-0.455983,-0.309833,0.834316
LeftRot1=0.061813,0.924157,0.376979
LeftRot2=0.887839,-0.223467,0.402248
LeftPos=1.582199,-3.822813,-2.619512
Frame=96
RightRot0=-0.968476,0.230141,0.095344
RightRot1=0.187961,0.423929,0.885977
RightRot2=-0.163480,-0.875968,0.453822
RightPos=-2.715767,-2.642262,-0.174122
LeftRot0=-0.455347,-0.309623,0.834741
LeftRot1=0.061845,0.924316,0.376584
LeftRot2=0.888164,-0.223101,0.401736
LeftPos=1.581761,-3.823613,-2.619430
Frame=97
RightRot0=-0.968281,0.230812,0.095702
RightRot1=0.188811,0.425021,0.885272
RightRot2=-0.163656,-0.875262,0.455120
RightPos=-2.715677,-2.646194,-0.178034
LeftRot0=-0.454885,-0.310109,0.834813
LeftRot1=0.061380,0.924265,0.376784
LeftRot2=0.888432,-0.222634,0.401400
LeftPos=1.580653,-3.825336,-2.621250
Frame=98
RightRot0=-0.968092,0.231354,0.096300
RightRot1=0.189574,0.424797,0.885217
RightRot2=-0.163890,-0.875227,0.455101
RightPos=-2.715544,-2.648396,-0.178857
LeftRot0=-0.455075,-0.310489,0.834568
LeftRot1=0.061053,0.924154,0.377109
LeftRot2=0.888358,-0.222565,0.401603
LeftPos=1.580072,-3.826096,-2.623622
Frame=99
RightRot0=-0.968029,0.232051,0.095254
RightRot1=0.189032,0.425242,0.885119
RightRot2=-0.164887,-0.874827,0.455511
RightPos=-2.712367,-2.649984,-0.180511
LeftRot0=-0.455404,-0.309845,0.834628
LeftRot1=0.061456,0.924306,0.376671
LeftRot2=0.888161,-0.222830,0.401891
LeftPos=1.577896,-3.827409,-2.627885
Frame=100
RightRot0=-0.967890,0.232670,0.095151
RightRot1=0.189251,0.425332,0.885029
RightRot2=-0.165449,-0.874618,0.455707
RightPos=-2.712754,-2.649558,-0.179738
LeftRot0=-0.455042,-0.309988,0.834772
LeftRot1=0.061595,0.924248,0.376790
LeftRot2=0.888337,-0.222874,0.401478
LeftPos=1.576641,-3.827946,-2.627907
Frame=101
RightRot0=-0.967687,0.233394,0.095446
RightRot1=0.189708,0.424505,0.885328
RightRot2=-0.166113,-0.874827,0.455065
RightPos=-2.713625,-2.647592,-0.176988
LeftRot0=-0.454597,-0.309450,0.835214
LeftRot1=0.062595,0.924290,0.376523
LeftRot2=0.888495,-0.223447,0.400810
LeftPos=1.572965,-3.828461,-2.626999
Frame=102
RightRot0=-0.967754,0.232740,0.096356
RightRot1=0.190127,0.423962,0.885499
RightRot2=-0.165239,-0.875265,0.454541
RightPos=-2.716709,-2.645106,-0.173530
LeftRot0=-0.454199,-0.309282,0.835493
LeftRot1=0.063095,0.924285,0.376451
LeftRot2=0.888663,-0.223699,0.400296
LeftPos=1.570296,-3.828654,-2.626716
Frame=103
RightRot0=-0.967794,0.232365,0.096857
RightRot1=0.190381,0.423829,0.885508
RightRot2=-0.164710,-0.875429,0.454417
RightPos=-2.719164,-2.644153,-0.172508
LeftRot0=-0.454003,-0.309260,0.835608
LeftRot1=0.063284,0.924270,0.376457
LeftRot2=0.888750,-0.223793,0.400050
LeftPos=1.569151,-3.828753,-2.626573
Frame=104
RightRot0=-0.967774,0.231832,0.098321
RightRot1=0.191409,0.423514,0.885437
RightRot2=-0.163632,-0.875723,0.454240
RightPos=-2.723149,-2.642509,-0.170852
LeftRot0=-0.453931,-0.309000,0.835742
LeftRot1=0.063556,0.924326,0.376273
LeftRot2=0.888767,-0.223919,0.399942
LeftPos=1.567501,-3.828653,-2.627987
Frame=105
RightRot0=-0.967746,0.231468,0.099455
RightRot1=0.192147,0.422832,0.885603
RightRot2=-0.162936,-0.876149,0.453669
RightPos=-2.726347,-2.641114,-0.168937
LeftRot0=-0.454224,-0.309674,0.835334
LeftRot1=0.063234,0.924071,0.376955
LeftRot2=0.888640,-0.224044,0.400153
LeftPos=1.566521,-3.829243,-2.631589
Frame=106
RightRot0=-0.967751,0.231415,0.099524
RightRot1=0.192149,0.422641,0.885694
RightRot2=-0.162900,-0.876255,0.453477
RightPos=-2.726438,-2.641229,-0.168515
LeftRot0=-0.454440,-0.309472,0.835291
LeftRot1=0.063425,0.924089,0.376878
LeftRot2=0.888517,-0.224247,0.400314
LeftPos=1.566307,-3.828865,-2.632644
Frame=107
RightRot0=-0.967498,0.232985,0.098318
RightRot1=0.191822,0.422809,0.885685
RightRot2=-0.164781,-0.875757,0.453758
RightPos=-2.722707,-2.642045,-0.170328
LeftRot0=-0.455251,-0.308776,0.835107
LeftRot1=0.064818,0.923957,0.376963
LeftRot2=0.888001,-0.225743,0.400618
LeftPos=1.565080,-3.824546,-2.634567
Frame=108
RightRot0=-0.967171,0.234566,0.097773
RightRot1=0.192125,0.423084,0.885488
RightRot2=-0.166339,-0.875202,0.454260
RightPos=-2.717509,-2.644276,-0.173298
LeftRot0=-0.455180,-0.307602,0.835579
LeftRot1=0.066503,0.924065,0.376404
LeftRot2=0.887912,-0.226900,0.400160
LeftPos=1.563490,-3.821608,-2.632989
Frame=109
RightRot0=-0.967323,0.234496,0.096424
RightRot1=0.190927,0.423450,0.885572
RightRot2=-0.166832,-0.875044,0.454385
RightPos=-2.716494,-2.645060,-0.173201
LeftRot0=-0.454691,-0.307306,0.835954
LeftRot1=0.067472,0.924008,0.376374
LeftRot2=0.888090,-0.227537,0.399403
LeftPos=1.561769,-3.820023,-2.631233
Frame=110
RightRot0=-0.967374,0.234357,0.096253
RightRot1=0.190627,0.423043,0.885831
RightRot2=-0.166882,-0.875278,0.453916
RightPos=-2.715714,-2.645772,-0.172899
LeftRot0=-0.454412,-0.307476,0.836043
LeftRot1=0.067339,0.923997,0.376423
LeftRot2=0.888243,-0.227349,0.399170
LeftPos=1.560250,-3.820640,-2.630140
Frame=111
RightRot0=-0.967336,0.234525,0.096225
RightRot1=0.190714,0.423218,0.885728
RightRot2=-0.167001,-0.875148,0.454121
RightPos=-2.715115,-2.647088,-0.173580
LeftRot0=-0.454562,-0.307189,0.836067
LeftRot1=0.067417,0.924089,0.376184
LeftRot2=0.888160,-0.227363,0.399346
LeftPos=1.559916,-3.821785,-2.630636
Frame=112
RightRot0=-0.967237,0.234718,0.096751
RightRot1=0.191297,0.423272,0.885577
RightRot2=-0.166909,-0.875071,0.454305
RightPos=-2.717920,-2.645435,-0.172198
LeftRot0=-0.454702,-0.307140,0.836009
LeftRot1=0.066876,0.924233,0.375926
LeftRot2=0.888129,-0.226844,0.399710
LeftPos=1.560262,-3.824220,-2.631644
Frame=113
RightRot0=-0.967456,0.233751,0.096894
RightRot1=0.190940,0.423121,0.885726
RightRot2=-0.166042,-0.875402,0.453983
RightPos=-2.721409,-2.643072,-0.170384
LeftRot0=-0.454785,-0.307852,0.835702
LeftRot1=0.065966,0.924135,0.376327
LeftRot2=0.888155,-0.226276,0.399975
LeftPos=1.561497,-3.826506,-2.631908
Frame=114
RightRot0=-0.967321,0.234044,0.097533
RightRot1=0.191638,0.422981,0.885642
RightRot2=-0.166024,-0.875391,0.454011
RightPos=-2.722406,-2.641767,-0.169729
LeftRot0=-0.454698,-0.307678,0.835814
LeftRot1=0.065796,0.924267,0.376033
LeftRot2=0.888212,-0.225974,0.400018
LeftPos=1.562813,-3.826838,-2.631510
Frame=115
RightRot0=-0.967158,0.234761,0.097437
RightRot1=0.191798,0.422497,0.885839
RightRot2=-0.166793,-0.875434,0.453647
RightPos=-2.725122,-2.640321,-0.167788
LeftRot0=-0.455543,-0.307021,0.835595
LeftRot1=0.066168,0.924371,0.375713
LeftRot2=0.887751,-0.226443,0.400776
LeftPos=1.564034,-3.825186,-2.632735
Frame=116
RightRot0=-0.967131,0.234744,0.097738
RightRot1=0.192066,0.422498,0.885780
RightRot2=-0.166637,-0.875438,0.453697
RightPos=-2.726645,-2.639777,-0.168035
LeftRot0=-0.455966,-0.307281,0.835269
LeftRot1=0.066640,0.924085,0.376333
LeftRot2=0.887499,-0.227257,0.400874
LeftPos=1.565144,-3.823382,-2.633341
Frame=117
RightRot0=-0.967144,0.234848,0.097358
RightRot1=0.192033,0.423891,0.885121
RightRot2=-0.166600,-0.874736,0.455062
RightPos=-2.727326,-2.640260,-0.171076
LeftRot0=-0.456059,-0.307128,0.835274
LeftRot1=0.066750,0.924115,0.376239
LeftRot2=0.887443,-0.227341,0.400950
LeftPos=1.565099,-3.822590,-2.633176
Frame=118
RightRot0=-0.966752,0.236715,0.096728
RightRot1=0.192399,0.424167,0.884909
RightRot2=-0.168442,-0.874098,0.455608
RightPos=-2.725215,-2.640358,-0.172815
LeftRot0=-0.455654,-0.307959,0.835189
LeftRot1=0.066819,0.923769,0.377075
LeftRot2=0.887646,-0.227622,0.400341
LeftPos=1.564358,-3.822360,-2.631808
Frame=119
RightRot0=-0.966683,0.237539,0.095391
RightRot1=0.191468,0.423654,0.885357
RightRot2=-0.169894,-0.874124,0.455021
RightPos=-2.721908,-2.639289,-0.171486
LeftRot0=-0.455975,-0.306923,0.835395
LeftRot1=0.067534,0.924016,0.376343
LeftRot2=0.887427,-0.228021,0.400600
LeftPos=1.564133,-3.822371,-2.631640
Frame=120
RightRot0=-0.966791,0.237387,0.094672
RightRot1=0.190810,0.424026,0.885321
RightRot2=-0.170020,-0.873985,0.455240
RightPos=-2.720400,-2.640178,-0.170461
LeftRot0=-0.456355,-0.306822,0.835225
LeftRot1=0.067069,0.924137,0.376129
LeftRot2=0.887267,-0.227666,0.401156
LeftPos=1.563416,-3.824366,-2.632299
Frame=121
RightRot0=-0.966552,0.238127,0.095252
RightRot1=0.191801,0.424579,0.884842
RightRot2=-0.170262,-0.873515,0.456051
RightPos=-2.720530,-2.641274,-0.170335
LeftRot0=-0.456543,-0.306682,0.835173
LeftRot1=0.067089,0.924173,0.376037
LeftRot2=0.887168,-0.227709,0.401350
LeftPos=1.562569,-3.826169,-2.631857
Frame=122
RightRot0=-0.966759,0.237106,0.095703
RightRot1=0.191771,0.424808,0.884738
RightRot2=-0.169121,-0.873681,0.456157
RightPos=-2.723690,-2.643145,-0.168653
LeftRot0=-0.456439,-0.305089,0.835813
LeftRot1=0.068203,0.924614,0.374749
LeftRot2=0.887137,-0.228056,0.401222
LeftPos=1.561262,-3.827008,-2.629777
Frame=123
RightRot0=-0.966976,0.235951,0.096352
RightRot1=0.191884,0.425175,0.884538
RightRot2=-0.167741,-0.873815,0.456409
RightPos=-2.726623,-2.643686,-0.166665
LeftRot0=-0.455933,-0.305466,0.835952
LeftRot1=0.067753,0.924619,0.374818
LeftRot2=0.887431,-0.227530,0.400869
LeftPos=1.559583,-3.829242,-2.627231
Frame=124
RightRot0=-0.966994,0.235745,0.096684
RightRot1=0.192140,0.425440,0.884354
RightRot2=-0.167349,-0.873742,0.456694
RightPos=-2.727871,-2.644318,-0.166073
LeftRot0=-0.455375,-0.305598,0.836208
LeftRot1=0.067309,0.924737,0.374607
LeftRot2=0.887752,-0.226871,0.400533
LeftPos=1.559013,-3.830665,-2.625805
Frame=125
RightRot0=-0.967097,0.235218,0.096929
RightRot1=0.192141,0.425586,0.884284
