Frame=0
RightRot0=-0.970279,-0.235902,-0.053936
RightRot1=-0.238559,0.895066,0.376757
RightRot2=0.040601,-0.378426,0.924741
RightPos=-1.631220,-1.683683,-2.233113
LeftRot0=-0.606996,0.051988,0.793003
LeftRot1=-0.552130,0.690112,-0.467865
LeftRot2=0.571584,0.721833,0.390191
LeftPos=1.745464,-6.043364,-0.941032
Frame=1
RightRot0=-0.970384,-0.236627,-0.048612
RightRot1=-0.237249,0.895644,0.376210
RightRot2=0.045483,-0.376601,0.925258
RightPos=-1.637194,-1.685238,-2.237520
LeftRot0=-0.607180,0.052641,0.792819
LeftRot1=-0.552474,0.689154,-0.468870
LeftRot2=0.571056,0.722700,0.389358
LeftPos=1.744382,-6.043303,-0.942394