Frame=0
RightRot0=-0.997989,0.010184,-0.062568
RightRot1=0.052541,0.685107,-0.726546
RightRot2=-0.035467,0.728372,0.684264
RightPos=-3.125772,-5.816261,3.684278
LeftRot0=-0.836834,-0.152143,0.525891
LeftRot1=-0.236950,0.966627,-0.097401
LeftRot2=0.493522,0.206118,0.844957
LeftPos=1.811679,-4.763453,-1.912142
Frame=1
RightRot0=-0.998112,0.011434,-0.060351
RightRot1=0.051749,0.685850,-0.725901
RightRot2=-0.033092,0.727653,0.685147
RightPos=-3.129936,-5.814757,3.684310
LeftRot0=-0.835847,-0.152794,0.527271
LeftRot1=-0.237944,0.966408,-0.097147
LeftRot2=0.494716,0.206661,0.844126
LeftPos=1.808347,-4.765258,-1.909778
Frame=2
RightRot0=-0.998419,0.015326,-0.054090
RightRot1=0.049818,0.687061,-0.724890
RightRot2=-0.026053,0.726438,0.686738
RightPos=-3.145725,-5.810390,3.677944
LeftRot0=-0.834790,-0.153053,0.528867
LeftRot1=-0.238741,0.966204,-0.097223
LeftRot2=0.496114,0.207423,0.843118
LeftPos=1.804518,-4.767878,-1.905531
Frame=3
RightRot0=-0.998550,0.018953,-0.050397
RightRot1=0.049578,0.688762,-0.723291
RightRot2=-0.021003,0.724740,0.688702
RightPos=-3.155458,-5.805685,3.674180
LeftRot0=-0.834861,-0.152253,0.528986
LeftRot1=-0.238286,0.966242,-0.097965
LeftRot2=0.496213,0.207837,0.842957
LeftPos=1.804536,-4.768927,-1.905493
Frame=4
RightRot0=-0.998172,0.030052,-0.052440
RightRot1=0.058549,0.696195,-0.715462
RightRot2=-0.015008,0.717224,0.696681
RightPos=-3.176214,-5.782417,3.665183
LeftRot0=-0.835805,-0.151338,0.527756
LeftRot1=-0.237796,0.966202,-0.099530
LeftRot2=0.494857,0.208686,0.843545
LeftPos=1.806119,-4.772287,-1.907467
Frame=5
RightRot0=-0.998071,0.031512,-0.053503
RightRot1=0.060300,0.697472,-0.714071
RightRot2=-0.014814,0.715919,0.698026
RightPos=-3.178251,-5.773068,3.661218
LeftRot0=-0.836424,-0.150351,0.527058
LeftRot1=-0.236796,0.966388,-0.100111
LeftRot2=0.494291,0.208541,0.843912
LeftPos=1.807547,-4.774158,-1.909483
Frame=6
RightRot0=-0.998371,0.029179,-0.049041
RightRot1=0.055417,0.700806,-0.711197
RightRot2=-0.013616,0.712755,0.701281
RightPos=-3.183132,-5.762755,3.651313
LeftRot0=-0.836588,-0.150317,0.526808
LeftRot1=-0.236848,0.966346,-0.100389
LeftRot2=0.493988,0.208758,0.844036
LeftPos=1.807030,-4.776690,-1.910615
Frame=7
RightRot0=-0.998819,0.021756,-0.043447
RightRot1=0.046222,0.701157,-0.711507
RightRot2=-0.014984,0.712675,0.701335
RightPos=-3.183594,-5.762867,3.646449
LeftRot0=-0.837246,-0.149926,0.525872
LeftRot1=-0.236582,0.966331,-0.101163
LeftRot2=0.492999,0.209110,0.844527
LeftPos=1.806479,-4.780061,-1.912336
Frame=8
RightRot0=-0.998979,0.017664,-0.041590
RightRot1=0.042087,0.698733,-0.714144
RightRot2=-0.016445,0.715164,0.698763
RightPos=-3.180603,-5.765930,3.649910
LeftRot0=-0.837505,-0.149415,0.525606
LeftRot1=-0.236033,0.966444,-0.101364
LeftRot2=0.492823,0.208953,0.844668
LeftPos=1.806594,-4.781006,-1.912615
Frame=9
RightRot0=-0.998865,0.007675,-0.047025
RightRot1=0.039271,0.691521,-0.721288
RightRot2=-0.026983,0.722316,0.691037
RightPos=-3.160051,-5.780740,3.669863
LeftRot0=-0.837337,-0.147437,0.526432
LeftRot1=-0.234464,0.966740,-0.102182
LeftRot2=0.493857,0.208989,0.844055
LeftPos=1.803331,-4.784102,-1.908823
Frame=10
RightRot0=-0.998969,0.002079,-0.045364
RightRot1=0.034352,0.687937,-0.724957
RightRot2=-0.029701,0.725767,0.687299
RightPos=-3.151161,-5.785975,3.678889
LeftRot0=-0.836330,-0.148243,0.527803
LeftRot1=-0.236159,0.966260,-0.102815
LeftRot2=0.494754,0.210633,0.843121
LeftPos=1.801466,-4.788773,-1.904361
Frame=11
RightRot0=-0.999012,-0.000647,-0.044437
RightRot1=0.031889,0.685990,-0.726911
RightRot2=-0.030954,0.727610,0.685292
RightPos=-3.146814,-5.791189,3.684565
LeftRot0=-0.836107,-0.148465,0.528095
LeftRot1=-0.236731,0.966078,-0.103208
LeftRot2=0.494858,0.211309,0.842891
LeftPos=1.802017,-4.792360,-1.901651
Frame=12
RightRot0=-0.999024,-0.000940,-0.044173
RightRot1=0.031519,0.685458,-0.727430
RightRot2=-0.030963,0.728112,0.684759
RightPos=-3.145720,-5.792381,3.686829
LeftRot0=-0.836122,-0.148192,0.528148
LeftRot1=-0.236611,0.966075,-0.103514
LeftRot2=0.494890,0.211516,0.842820
LeftPos=1.803709,-4.793049,-1.901711
Frame=13
RightRot0=-0.999057,0.000490,-0.043421
RightRot1=0.031983,0.684660,-0.728160
RightRot2=-0.029372,0.728862,0.684030
RightPos=-3.150238,-5.792519,3.687787
LeftRot0=-0.836637,-0.148001,0.527385
LeftRot1=-0.236862,0.965886,-0.104697
LeftRot2=0.493898,0.212511,0.843152
LeftPos=1.805969,-4.795716,-1.903690
Frame=14
RightRot0=-0.999067,0.002772,-0.043113
RightRot1=0.033280,0.685719,-0.727106
RightRot2=-0.027548,0.727862,0.685171
RightPos=-3.154743,-5.793797,3.684998
LeftRot0=-0.837491,-0.147798,0.526084
LeftRot1=-0.236474,0.965939,-0.105081
LeftRot2=0.492635,0.212409,0.843916
LeftPos=1.807652,-4.797157,-1.907210
Frame=15
RightRot0=-0.999110,0.003563,-0.042025
RightRot1=0.033015,0.686131,-0.726728
RightRot2=-0.026245,0.727469,0.685639
RightPos=-3.157153,-5.792577,3.683656
LeftRot0=-0.837928,-0.147290,0.525532
LeftRot1=-0.235752,0.966111,-0.105122
LeftRot2=0.492239,0.211980,0.844255
LeftPos=1.808141,-4.797515,-1.908812
Frame=16
RightRot0=-0.999075,0.005157,-0.042705
RightRot1=0.034583,0.686680,-0.726137
RightRot2=-0.025580,0.726942,0.686223
RightPos=-3.161927,-5.790709,3.683866
LeftRot0=-0.838593,-0.145114,0.525075
LeftRot1=-0.233854,0.966433,-0.106394
LeftRot2=0.492010,0.212012,0.844380
LeftPos=1.803856,-4.799467,-1.910837
Frame=17
RightRot0=-0.999035,0.006022,-0.043522
RightRot1=0.035742,0.687490,-0.725314
RightRot2=-0.025553,0.726169,0.687041
RightPos=-3.162198,-5.787175,3.682135
LeftRot0=-0.837850,-0.146021,0.526010
LeftRot1=-0.234934,0.966215,-0.105991
LeftRot2=0.492762,0.212382,0.843848
LeftPos=1.798762,-4.801555,-1.910391
Frame=18
RightRot0=-0.999051,0.006203,-0.043128
RightRot1=0.035571,0.687761,-0.725065
RightRot2=-0.025164,0.725910,0.687329
RightPos=-3.163676,-5.786555,3.682291
LeftRot0=-0.837654,-0.145475,0.526473
LeftRot1=-0.234624,0.966256,-0.106306
LeftRot2=0.493243,0.212571,0.843520
LeftPos=1.795419,-4.802096,-1.908328
Frame=19
RightRot0=-0.999082,0.006690,-0.042316
RightRot1=0.035306,0.688056,-0.724798
RightRot2=-0.024267,0.725627,0.687661
RightPos=-3.167458,-5.785151,3.682816
LeftRot0=-0.836375,-0.143909,0.528930
LeftRot1=-0.233899,0.966363,-0.106930
LeftRot2=0.495751,0.213150,0.841902
LeftPos=1.787186,-4.802067,-1.902193
Frame=20
RightRot0=-0.999088,0.006541,-0.042197
RightRot1=0.035119,0.688002,-0.724859
RightRot2=-0.024291,0.725680,0.687604
RightPos=-3.166960,-5.785488,3.684701
LeftRot0=-0.834957,-0.144978,0.530875
LeftRot1=-0.235298,0.966099,-0.106240
LeftRot2=0.497476,0.213619,0.840765
LeftPos=1.783772,-4.802226,-1.899259
Frame=21
RightRot0=-0.999081,0.005710,-0.042474
RightRot1=0.034759,0.687688,-0.725174
RightRot2=-0.025068,0.725984,0.687255
RightPos=-3.165205,-5.784593,3.686638
LeftRot0=-0.834399,-0.146020,0.531467
LeftRot1=-0.236459,0.965856,-0.105871
LeftRot2=0.497862,0.214009,0.840437
LeftPos=1.783995,-4.801678,-1.899370
Frame=22
RightRot0=-0.999007,0.003953,-0.044382
RightRot1=0.034986,0.686406,-0.726377
RightRot2=-0.027592,0.727208,0.685863
RightPos=-3.160589,-5.785792,3.694185
LeftRot0=-0.834736,-0.146801,0.530722
LeftRot1=-0.237344,0.965602,-0.106211
LeftRot2=0.496874,0.214622,0.840865
LeftPos=1.787057,-4.798352,-1.904592
Frame=23
RightRot0=-0.998983,0.003277,-0.044975
RightRot1=0.034979,0.685764,-0.726983
RightRot2=-0.028460,0.727817,0.685181
RightPos=-3.160178,-5.784873,3.697894
LeftRot0=-0.836138,-0.146931,0.528474
LeftRot1=-0.236172,0.966012,-0.105087
LeftRot2=0.495072,0.212678,0.842421
LeftPos=1.791010,-4.793350,-1.910457
Frame=24
RightRot0=-0.998976,0.003782,-0.045093
RightRot1=0.035413,0.685703,-0.727020
RightRot2=-0.028170,0.727872,0.685135
RightPos=-3.161697,-5.787144,3.699579
LeftRot0=-0.837037,-0.147730,0.526826
LeftRot1=-0.236249,0.966061,-0.104460
LeftRot2=0.493514,0.211899,0.843530
LeftPos=1.794886,-4.791370,-1.914541
Frame=25
RightRot0=-0.998969,0.004733,-0.045162
RightRot1=0.036112,0.685805,-0.726889
RightRot2=-0.027532,0.727770,0.685269
RightPos=-3.163295,-5.787586,3.700147
LeftRot0=-0.837314,-0.147295,0.526507
LeftRot1=-0.236002,0.966057,-0.105055
LeftRot2=0.493162,0.212221,0.843656
LeftPos=1.795712,-4.791317,-1.914238
Frame=26
RightRot0=-0.999027,0.005867,-0.043721
RightRot1=0.035815,0.686487,-0.726260
RightRot2=-0.025753,0.727119,0.686029
RightPos=-3.167164,-5.786346,3.699718
LeftRot0=-0.837075,-0.146790,0.527029
LeftRot1=-0.235623,0.966140,-0.105145
LeftRot2=0.493750,0.212194,0.843318
LeftPos=1.794590,-4.791504,-1.909862
Frame=27
RightRot0=-0.999017,0.005457,-0.043999
RightRot1=0.035731,0.686629,-0.726129
RightRot2=-0.026249,0.726987,0.686149
RightPos=-3.164694,-5.782629,3.700768
LeftRot0=-0.836560,-0.147055,0.527772
LeftRot1=-0.235540,0.966272,-0.104113
LeftRot2=0.494661,0.211408,0.842981
LeftPos=1.793783,-4.791295,-1.904537
Frame=28
RightRot0=-0.999006,0.004455,-0.044362
RightRot1=0.035308,0.686602,-0.726176
RightRot2=-0.027224,0.727020,0.686076
RightPos=-3.160029,-5.781469,3.702124
LeftRot0=-0.835585,-0.146107,0.529575
LeftRot1=-0.236052,0.965947,-0.105953
LeftRot2=0.496061,0.213540,0.841620
LeftPos=1.792742,-4.795926,-1.898274
Frame=29
RightRot0=-0.998953,0.003209,-0.045643
RightRot1=0.035412,0.685935,-0.726801
RightRot2=-0.028976,0.727656,0.685330
RightPos=-3.156126,-5.782436,3.705369
LeftRot0=-0.834674,-0.147390,0.530657
LeftRot1=-0.238220,0.965346,-0.106574
LeftRot2=0.496560,0.215367,0.840860
LeftPos=1.792480,-4.802004,-1.894700
Frame=30
RightRot0=-0.998917,0.002947,-0.046431
RightRot1=0.035839,0.685105,-0.727562
RightRot2=-0.029666,0.728438,0.684469
RightPos=-3.154935,-5.784473,3.708541
LeftRot0=-0.835343,-0.147325,0.529620
LeftRot1=-0.238311,0.965235,-0.107376
LeftRot2=0.495389,0.215911,0.841412
LeftPos=1.794764,-4.805754,-1.896742
Frame=31
RightRot0=-0.998905,0.003980,-0.046616
RightRot1=0.036683,0.685045,-0.727576
RightRot2=-0.029038,0.728490,0.684442
RightPos=-3.156424,-5.784660,3.710215
LeftRot0=-0.836446,-0.146511,0.528103
LeftRot1=-0.237515,0.965318,-0.108386
LeftRot2=0.493908,0.216092,0.842235
LeftPos=1.797831,-4.805829,-1.898839
Frame=32
RightRot0=-0.998906,0.003886,-0.046599
RightRot1=0.036629,0.684503,-0.728090
RightRot2=-0.029068,0.729000,0.683896
RightPos=-3.156702,-5.783834,3.711593
LeftRot0=-0.836857,-0.145701,0.527677
LeftRot1=-0.236520,0.965550,-0.108496
LeftRot2=0.493690,0.215601,0.842488
LeftPos=1.798850,-4.805822,-1.899050
Frame=33
RightRot0=-0.998914,0.003637,-0.046451
RightRot1=0.036347,0.684582,-0.728029
RightRot2=-0.029152,0.728927,0.683971
RightPos=-3.156377,-5.782524,3.711509
LeftRot0=-0.836731,-0.145952,0.527807
LeftRot1=-0.236657,0.965553,-0.108170
LeftRot2=0.493838,0.215418,0.842449
LeftPos=1.798969,-4.806196,-1.898666
Frame=34
RightRot0=-0.998884,0.005595,-0.046899
RightRot1=0.037998,0.684966,-0.727584
RightRot2=-0.028054,0.728554,0.684414
RightPos=-3.157833,-5.780382,3.710778
LeftRot0=-0.836976,-0.145433,0.527561
LeftRot1=-0.236506,0.965490,-0.109061
LeftRot2=0.493494,0.216053,0.842488
LeftPos=1.798877,-4.808466,-1.898181
Frame=35
RightRot0=-0.998848,0.006919,-0.047482
RightRot1=0.039327,0.685026,-0.727457
RightRot2=-0.027493,0.728486,0.684509
RightPos=-3.159478,-5.781156,3.710740
LeftRot0=-0.837174,-0.145455,0.527241
LeftRot1=-0.236634,0.965421,-0.109396
LeftRot2=0.493097,0.216346,0.842645
LeftPos=1.797774,-4.810379,-1.897368
Frame=36
RightRot0=-0.998836,0.008382,-0.047517
RightRot1=0.040335,0.685523,-0.726933
RightRot2=-0.026481,0.728003,0.685063
RightPos=-3.161297,-5.783496,3.710085
LeftRot0=-0.837032,-0.145284,0.527513
LeftRot1=-0.236475,0.965468,-0.109325
LeftRot2=0.493413,0.216252,0.842484
LeftPos=1.795905,-4.810732,-1.895428
Frame=37
RightRot0=-0.998842,0.008936,-0.047280
RightRot1=0.040535,0.685701,-0.726753
RightRot2=-0.025926,0.727828,0.685270
RightPos=-3.162484,-5.783085,3.710298
LeftRot0=-0.836610,-0.144845,0.528303
LeftRot1=-0.235979,0.965632,-0.108945
LeftRot2=0.494366,0.215813,0.842038
LeftPos=1.793367,-4.811139,-1.892646
Frame=38
RightRot0=-0.998822,0.008776,-0.047730
RightRot1=0.040765,0.685385,-0.727039
RightRot2=-0.026333,0.728128,0.684935
RightPos=-3.161666,-5.782348,3.712100
LeftRot0=-0.836209,-0.146087,0.528596
LeftRot1=-0.237220,0.965382,-0.108468
LeftRot2=0.494451,0.216095,0.841916
LeftPos=1.792230,-4.812208,-1.890693
Frame=39
RightRot0=-0.998825,0.008112,-0.047786
RightRot1=0.040358,0.685191,-0.727244
RightRot2=-0.026843,0.728318,0.684714
RightPos=-3.159944,-5.782047,3.714154
LeftRot0=-0.836220,-0.145780,0.528663
LeftRot1=-0.237253,0.965303,-0.109095
LeftRot2=0.494416,0.216655,0.841792
LeftPos=1.791849,-4.811463,-1.890192
Frame=40
RightRot0=-0.998784,0.006981,-0.048814
RightRot1=0.040351,0.684696,-0.727711
RightRot2=-0.028343,0.728795,0.684145
RightPos=-3.157152,-5.784285,3.717153
LeftRot0=-0.836134,-0.146109,0.528708
LeftRot1=-0.237533,0.965256,-0.108902
LeftRot2=0.494427,0.216642,0.841789
LeftPos=1.791840,-4.810135,-1.890946
Frame=41
RightRot0=-0.998776,0.007077,-0.048968
RightRot1=0.040523,0.684850,-0.727557
RightRot2=-0.028387,0.728650,0.684298
RightPos=-3.156766,-5.784115,3.718317
LeftRot0=-0.836327,-0.146256,0.528363
LeftRot1=-0.236980,0.965510,-0.107844
LeftRot2=0.494367,0.215405,0.842142
LeftPos=1.792686,-4.808012,-1.892579
Frame=42
RightRot0=-0.998803,0.007191,-0.048382
RightRot1=0.040161,0.685183,-0.727263
RightRot2=-0.027921,0.728335,0.684652
RightPos=-3.158032,-5.782206,3.719455
LeftRot0=-0.836695,-0.147257,0.527501
LeftRot1=-0.237404,0.965497,-0.107030
LeftRot2=0.493540,0.214782,0.842786
LeftPos=1.794113,-4.807815,-1.895052
Frame=43
RightRot0=-0.998799,0.007026,-0.048493
RightRot1=0.040123,0.685360,-0.727098
RightRot2=-0.028127,0.728170,0.684819
RightPos=-3.158661,-5.782238,3.720813
LeftRot0=-0.836608,-0.147615,0.527539
LeftRot1=-0.238273,0.965198,-0.107790
LeftRot2=0.493268,0.215876,0.842665
LeftPos=1.794511,-4.810366,-1.897053
Frame=44
RightRot0=-0.998809,0.006830,-0.048320
RightRot1=0.039866,0.685286,-0.727182
RightRot2=-0.028146,0.728242,0.684742
RightPos=-3.159148,-5.783326,3.721712
LeftRot0=-0.836801,-0.147395,0.527295
LeftRot1=-0.238177,0.965178,-0.108182
LeftRot2=0.492988,0.216116,0.842768
LeftPos=1.793804,-4.812376,-1.897524
Frame=45
RightRot0=-0.998799,0.008356,-0.048286
RightRot1=0.040898,0.684933,-0.727457
RightRot2=-0.026994,0.728558,0.684452
RightPos=-3.161733,-5.789469,3.723045
LeftRot0=-0.837616,-0.148250,0.525758
LeftRot1=-0.238394,0.965185,-0.107643
LeftRot2=0.491496,0.215501,0.843796
LeftPos=1.791866,-4.817812,-1.900295
Frame=46
RightRot0=-0.998770,0.008760,-0.048812
RightRot1=0.041571,0.684604,-0.727729
RightRot2=-0.027042,0.728863,0.684126
RightPos=-3.162534,-5.788622,3.723658
LeftRot0=-0.837284,-0.147024,0.526631
LeftRot1=-0.237911,0.965175,-0.108795
LeftRot2=0.492296,0.216383,0.843104
LeftPos=1.787738,-4.820969,-1.895909
Frame=47
RightRot0=-0.998713,0.007239,-0.050208
RightRot1=0.041573,0.683968,-0.728327
RightRot2=-0.029068,0.729477,0.683388
RightPos=-3.159571,-5.788746,3.724833
LeftRot0=-0.835926,-0.146376,0.528964
LeftRot1=-0.238185,0.965043,-0.109358
LeftRot2=0.494466,0.217407,0.841569
LeftPos=1.782254,-4.824380,-1.888669
Frame=48
RightRot0=-0.998706,0.006880,-0.050391
RightRot1=0.041453,0.684176,-0.728139
RightRot2=-0.029467,0.729285,0.683576
RightPos=-3.160203,-5.786339,3.721624
LeftRot0=-0.835121,-0.146738,0.530133
LeftRot1=-0.238736,0.964949,-0.108991
LeftRot2=0.495559,0.217583,0.840881
LeftPos=1.778491,-4.826227,-1.884824
Frame=49
RightRot0=-0.998693,0.008075,-0.050474
RightRot1=0.042301,0.684899,-0.727409
RightRot2=-0.028696,0.728593,0.684346
RightPos=-3.165003,-5.784018,3.717552
LeftRot0=-0.835224,-0.146691,0.529984
LeftRot1=-0.239054,0.964790,-0.109697
LeftRot2=0.495232,0.218317,0.840883
LeftPos=1.778225,-4.827375,-1.885228
Frame=50
RightRot0=-0.998721,0.007923,-0.049951
RightRot1=0.041817,0.684874,-0.727461
RightRot2=-0.028446,0.728619,0.684329
RightPos=-3.169485,-5.780209,3.715396
LeftRot0=-0.835366,-0.146453,0.529827
LeftRot1=-0.239290,0.964623,-0.110644
LeftRot2=0.494879,0.219210,0.840858
LeftPos=1.778256,-4.826259,-1.887516
Frame=51
RightRot0=-0.998691,0.008267,-0.050488
RightRot1=0.042462,0.684405,-0.727864
RightRot2=-0.028537,0.729055,0.683860
RightPos=-3.172296,-5.778976,3.715077
LeftRot0=-0.835728,-0.146022,0.529374
LeftRot1=-0.238459,0.964867,-0.110309
LeftRot2=0.494668,0.218423,0.841187
LeftPos=1.778809,-4.824319,-1.892017
Frame=52
RightRot0=-0.998639,0.009216,-0.051336
RightRot1=0.043758,0.683656,-0.728491
RightRot2=-0.028383,0.729746,0.683129
RightPos=-3.173642,-5.777044,3.713740
LeftRot0=-0.835961,-0.147114,0.528703
LeftRot1=-0.238677,0.964976,-0.108876
LeftRot2=0.494169,0.217206,0.841796
LeftPos=1.779355,-4.821087,-1.899163
Frame=53
RightRot0=-0.998633,0.010161,-0.051286
RightRot1=0.044390,0.683037,-0.729034
RightRot2=-0.027622,0.730313,0.682554
RightPos=-3.176218,-5.777729,3.713672
LeftRot0=-0.836677,-0.147009,0.527599
LeftRot1=-0.238393,0.965015,-0.109158
LeftRot2=0.493093,0.217106,0.842452
LeftPos=1.778360,-4.820936,-1.905056
Frame=54
RightRot0=-0.998621,0.010203,-0.051512
RightRot1=0.044565,0.683539,-0.728553
RightRot2=-0.027777,0.729843,0.683051
RightPos=-3.179366,-5.776812,3.710113
LeftRot0=-0.836790,-0.147370,0.527319
LeftRot1=-0.238689,0.964948,-0.109097
LeftRot2=0.492758,0.217157,0.842634
LeftPos=1.774162,-4.821286,-1.909364
Frame=55
RightRot0=-0.998658,0.009777,-0.050873
RightRot1=0.043791,0.684004,-0.728163
RightRot2=-0.027678,0.729413,0.683514
RightPos=-3.179955,-5.775618,3.707532
LeftRot0=-0.836501,-0.147292,0.527799
LeftRot1=-0.238499,0.965042,-0.108681
LeftRot2=0.493340,0.216791,0.842388
LeftPos=1.771383,-4.821312,-1.909978
Frame=56
RightRot0=-0.998695,0.009083,-0.050253
RightRot1=0.042848,0.684436,-0.727813
RightRot2=-0.027784,0.729017,0.683932
RightPos=-3.181510,-5.776032,3.704460
LeftRot0=-0.835382,-0.145961,0.529937
LeftRot1=-0.237331,0.965381,-0.108228
LeftRot2=0.495794,0.216183,0.841103
LeftPos=1.761341,-4.821391,-1.909017
Frame=57
RightRot0=-0.998652,0.008422,-0.051227
RightRot1=0.043132,0.683752,-0.728438
RightRot2=-0.028892,0.729666,0.683194
RightPos=-3.178892,-5.778981,3.704323
LeftRot0=-0.834303,-0.144810,0.531948
LeftRot1=-0.237248,0.965278,-0.109323
LeftRot2=0.497646,0.217412,0.839691
LeftPos=1.755762,-4.824027,-1.907638
Frame=58
RightRot0=-0.998665,0.006816,-0.051200
RightRot1=0.042027,0.683483,-0.728755
RightRot2=-0.030027,0.729934,0.682858
RightPos=-3.176165,-5.780150,3.702698
LeftRot0=-0.832871,-0.146484,0.533732
LeftRot1=-0.239521,0.964755,-0.108986
LeftRot2=0.498956,0.218611,0.838602
LeftPos=1.751771,-4.827648,-1.909439
Frame=59
RightRot0=-0.998639,0.006557,-0.051754
RightRot1=0.042261,0.683341,-0.728876
RightRot2=-0.030586,0.730070,0.682688
RightPos=-3.176223,-5.780273,3.701028
LeftRot0=-0.832847,-0.147120,0.533595
LeftRot1=-0.239912,0.964715,-0.108475
LeftRot2=0.498808,0.218359,0.838755
LeftPos=1.749820,-4.828673,-1.913373
Frame=60
RightRot0=-0.998654,0.006301,-0.051479
RightRot1=0.041891,0.683200,-0.729029
RightRot2=-0.030577,0.730204,0.682545
RightPos=-3.177969,-5.778059,3.697335
LeftRot0=-0.833230,-0.145857,0.533342
LeftRot1=-0.239198,0.964736,-0.109861
LeftRot2=0.498510,0.219114,0.838736
LeftPos=1.750285,-4.828062,-1.919836
Frame=61
RightRot0=-0.998702,0.006233,-0.050553
RightRot1=0.041167,0.683247,-0.729026
RightRot2=-0.029996,0.730161,0.682617
RightPos=-3.182483,-5.777570,3.693443
LeftRot0=-0.832500,-0.148328,0.533800
LeftRot1=-0.241835,0.964147,-0.109251
LeftRot2=0.498457,0.220043,0.838524
LeftPos=1.749769,-4.829084,-1.925855
Frame=62
RightRot0=-0.998698,0.008184,-0.050364
RightRot1=0.042359,0.683303,-0.728905
RightRot2=-0.028448,0.730089,0.682760
RightPos=-3.189709,-5.778690,3.689612
LeftRot0=-0.833600,-0.148457,0.532046
LeftRot1=-0.241101,0.964399,-0.108655
LeftRot2=0.496974,0.218852,0.839715
LeftPos=1.750261,-4.827072,-1.935496
Frame=63
RightRot0=-0.998654,0.008008,-0.051242
RightRot1=0.042911,0.682484,-0.729640
RightRot2=-0.029129,0.730857,0.681909
RightPos=-3.192315,-5.779810,3.688081
LeftRot0=-0.834688,-0.147755,0.530532
LeftRot1=-0.239569,0.964831,-0.108206
LeftRot2=0.495886,0.217418,0.840730
LeftPos=1.749796,-4.823090,-1.943671
Frame=64
RightRot0=-0.998684,0.006853,-0.050841
RightRot1=0.041857,0.681841,-0.730302
RightRot2=-0.029661,0.731468,0.681230
RightPos=-3.191604,-5.779954,3.685017
LeftRot0=-0.834262,-0.147607,0.531244
LeftRot1=-0.239372,0.964925,-0.107802
LeftRot2=0.496698,0.217100,0.840333
LeftPos=1.746867,-4.822471,-1.945874
Frame=65
RightRot0=-0.998683,0.007625,-0.050751
RightRot1=0.042326,0.681618,-0.730483
RightRot2=-0.029023,0.731669,0.681043
RightPos=-3.194500,-5.780267,3.678950
LeftRot0=-0.833100,-0.147983,0.532959
LeftRot1=-0.240019,0.964821,-0.107293
LeftRot2=0.498333,0.217306,0.839311
LeftPos=1.740988,-4.824249,-1.945429
Frame=66
RightRot0=-0.998589,0.007149,-0.052621
RightRot1=0.043400,0.680899,-0.731091
RightRot2=-0.030603,0.732343,0.680248
RightPos=-3.193793,-5.783718,3.676528
LeftRot0=-0.832837,-0.147771,0.533430
LeftRot1=-0.240166,0.964737,-0.107716
LeftRot2=0.498702,0.217821,0.838958
LeftPos=1.738878,-4.827354,-1.946200
Frame=67
RightRot0=-0.998590,0.005040,-0.052842
RightRot1=0.042131,0.680821,-0.731237
RightRot2=-0.032290,0.732433,0.680074
RightPos=-3.192900,-5.783238,3.672677
LeftRot0=-0.832639,-0.147243,0.533885
LeftRot1=-0.240483,0.964509,-0.109047
LeftRot2=0.498880,0.219187,0.838497
LeftPos=1.738335,-4.831017,-1.947261
Frame=68
RightRot0=-0.998600,0.005455,-0.052626
RightRot1=0.042231,0.681356,-0.730733
RightRot2=-0.031871,0.731932,0.680633
RightPos=-3.194657,-5.780757,3.665706
LeftRot0=-0.831792,-0.148964,0.534726
LeftRot1=-0.242533,0.964033,-0.108711
LeftRot2=0.499299,0.220114,0.838004
LeftPos=1.738971,-4.834836,-1.948657
Frame=69
RightRot0=-0.998558,0.006294,-0.053322
RightRot1=0.043321,0.681151,-0.730860
RightRot2=-0.031721,0.732116,0.680441
RightPos=-3.196553,-5.781816,3.660750
LeftRot0=-0.832462,-0.148855,0.533714
LeftRot1=-0.242299,0.964054,-0.109048
LeftRot2=0.498296,0.220097,0.838605
LeftPos=1.741545,-4.836823,-1.953863
Frame=70
RightRot0=-0.998535,0.005560,-0.053829
RightRot1=0.043194,0.681112,-0.730904
RightRot2=-0.032599,0.732158,0.680355
RightPos=-3.198175,-5.783301,3.657521
LeftRot0=-0.833542,-0.148993,0.531986
LeftRot1=-0.242575,0.963861,-0.110131
LeftRot2=0.496352,0.220846,0.839561
LeftPos=1.744639,-4.839755,-1.960205
Frame=71
RightRot0=-0.998558,0.005847,-0.053379
RightRot1=0.043060,0.681104,-0.730919
RightRot2=-0.032083,0.732163,0.680374
RightPos=-3.200445,-5.783339,3.653762
LeftRot0=-0.833115,-0.150229,0.532307
LeftRot1=-0.244473,0.963310,-0.110758
LeftRot2=0.496137,0.222409,0.839275
LeftPos=1.744466,-4.843568,-1.963988
Frame=72
RightRot0=-0.998511,0.005310,-0.054292
RightRot1=0.043364,0.681082,-0.730922
RightRot2=-0.033096,0.732188,0.680298
RightPos=-3.199306,-5.783842,3.651291
LeftRot0=-0.832945,-0.149901,0.532666
LeftRot1=-0.244083,0.963432,-0.110553
LeftRot2=0.496616,0.222099,0.839074
LeftPos=1.741044,-4.845066,-1.967165
Frame=73
RightRot0=-0.998504,0.004095,-0.054533
RightRot1=0.042723,0.680894,-0.731135
RightRot2=-0.034137,0.732371,0.680050
RightPos=-3.197490,-5.782333,3.648335
LeftRot0=-0.833250,-0.148840,0.532487
LeftRot1=-0.242827,0.963744,-0.110598
LeftRot2=0.496720,0.221457,0.839182
LeftPos=1.736557,-4.845345,-1.969987
Frame=74
RightRot0=-0.998489,0.004014,-0.054801
RightRot1=0.042848,0.681259,-0.730788
RightRot2=-0.034400,0.732032,0.680402
RightPos=-3.199523,-5.784150,3.646015
LeftRot0=-0.832702,-0.149406,0.533184
LeftRot1=-0.244014,0.963383,-0.111134
LeftRot2=0.497057,0.222646,0.838668
LeftPos=1.731704,-4.847782,-1.972317
Frame=75
RightRot0=-0.998523,0.004235,-0.054167
RightRot1=0.042523,0.681488,-0.730593
RightRot2=-0.033820,0.731817,0.680662
RightPos=-3.202957,-5.784964,3.642815
LeftRot0=-0.832359,-0.147964,0.534121
LeftRot1=-0.243198,0.963479,-0.112087
LeftRot2=0.498029,0.223194,0.837945
LeftPos=1.726701,-4.849923,-1.973964
Frame=76
RightRot0=-0.998536,0.005161,-0.053845
RightRot1=0.042926,0.681314,-0.730732
RightRot2=-0.032913,0.731973,0.680538
RightPos=-3.205820,-5.783591,3.640259
LeftRot0=-0.831648,-0.148753,0.535008
LeftRot1=-0.243736,0.963469,-0.110996
LeftRot2=0.498953,0.222710,0.837524
LeftPos=1.721668,-4.851239,-1.975882
Frame=77
RightRot0=-0.998532,0.005365,-0.053903
RightRot1=0.043109,0.681268,-0.730763
RightRot2=-0.032802,0.732014,0.680500
RightPos=-3.206658,-5.783647,3.638623
LeftRot0=-0.831804,-0.148455,0.534850
LeftRot1=-0.243486,0.963504,-0.111238
LeftRot2=0.498816,0.222757,0.837593
LeftPos=1.720859,-4.852468,-1.978515
Frame=78
RightRot0=-0.998557,0.006226,-0.053348
RightRot1=0.043265,0.681793,-0.730265
RightRot2=-0.031825,0.731519,0.681078
RightPos=-3.209527,-5.780229,3.632423
LeftRot0=-0.831484,-0.149543,0.535045
LeftRot1=-0.245366,0.962918,-0.112178
LeftRot2=0.498429,0.224556,0.837343
LeftPos=1.718507,-4.856930,-1.984391
Frame=79
RightRot0=-0.998536,0.006739,-0.053666
RightRot1=0.043840,0.681962,-0.730073
RightRot2=-0.031679,0.731357,0.681259
RightPos=-3.212466,-5.779395,3.629614
LeftRot0=-0.831988,-0.149354,0.534312
LeftRot1=-0.245359,0.962834,-0.112915
LeftRot2=0.497589,0.225042,0.837712
LeftPos=1.717402,-4.858747,-1.989568
Frame=80
RightRot0=-0.998518,0.007072,-0.053969
RightRot1=0.044291,0.681885,-0.730117
RightRot2=-0.031637,0.731425,0.681188
RightPos=-3.214891,-5.780235,3.629563
LeftRot0=-0.832228,-0.149574,0.533878
LeftRot1=-0.245291,0.962888,-0.112602
LeftRot2=0.497222,0.224666,0.838031
LeftPos=1.717142,-4.858820,-1.992156
Frame=81
RightRot0=-0.998532,0.008134,-0.053558
RightRot1=0.044746,0.681118,-0.730805
RightRot2=-0.030535,0.732129,0.680482
RightPos=-3.220162,-5.781960,3.627490
LeftRot0=-0.831796,-0.149732,0.534506
LeftRot1=-0.245666,0.962793,-0.112594
LeftRot2=0.497760,0.224965,0.837632
LeftPos=1.711086,-4.858885,-1.993151
Frame=82
RightRot0=-0.998524,0.007707,-0.053770
RightRot1=0.044634,0.680593,-0.731301
RightRot2=-0.030959,0.732621,0.679932
RightPos=-3.219450,-5.784031,3.628757
LeftRot0=-0.831152,-0.149373,0.535606
LeftRot1=-0.245738,0.962746,-0.112839
LeftRot2=0.498798,0.225405,0.836895
LeftPos=1.706878,-4.858582,-1.990186
Frame=83
RightRot0=-0.998515,0.007244,-0.054007
RightRot1=0.044496,0.680508,-0.731389
RightRot2=-0.031454,0.732705,0.679819
RightPos=-3.218996,-5.784799,3.630082
LeftRot0=-0.830830,-0.149467,0.536079
LeftRot1=-0.245755,0.962789,-0.112437
LeftRot2=0.499326,0.225160,0.836647
LeftPos=1.705174,-4.858047,-1.989030
Frame=84
RightRot0=-0.998518,0.005789,-0.054125
RightRot1=0.043614,0.680063,-0.731856
RightRot2=-0.032572,0.733131,0.679307
RightPos=-3.216077,-5.787848,3.629424
LeftRot0=-0.830814,-0.148269,0.536438
LeftRot1=-0.244348,0.963172,-0.112221
LeftRot2=0.500043,0.224312,0.836446
LeftPos=1.701952,-4.856869,-1.987991
Frame=85
RightRot0=-0.998557,0.004881,-0.053484
RightRot1=0.042502,0.680617,-0.731406
RightRot2=-0.032832,0.732624,0.679842
RightPos=-3.216247,-5.789021,3.630099
LeftRot0=-0.831087,-0.150021,0.535526
LeftRot1=-0.246506,0.962541,-0.112910
LeftRot2=0.498527,0.225848,0.836937
LeftPos=1.703114,-4.859171,-1.989584
Frame=86
RightRot0=-0.998571,0.005603,-0.053151
RightRot1=0.042735,0.680934,-0.731097
RightRot2=-0.032096,0.732323,0.680201
RightPos=-3.217911,-5.790311,3.629984
LeftRot0=-0.832306,-0.149113,0.533885
LeftRot1=-0.245537,0.962671,-0.113910
LeftRot2=0.496970,0.225896,0.837850
LeftPos=1.704583,-4.860563,-1.992436
Frame=87
RightRot0=-0.998572,0.005610,-0.053130
RightRot1=0.042720,0.681030,-0.731009
RightRot2=-0.032082,0.732234,0.680297
RightPos=-3.218594,-5.790039,3.630611
LeftRot0=-0.832396,-0.148792,0.533835
LeftRot1=-0.244663,0.962990,-0.113090
LeftRot2=0.497251,0.224746,0.837993
LeftPos=1.704531,-4.858961,-1.992536
Frame=88
RightRot0=-0.998572,0.004610,-0.053233
RightRot1=0.042102,0.681327,-0.730768
RightRot2=-0.032900,0.731965,0.680548
RightPos=-3.218076,-5.788364,3.631443
LeftRot0=-0.832077,-0.150089,0.533968
LeftRot1=-0.245450,0.962939,-0.111816
LeftRot2=0.497396,0.224101,0.838079
LeftPos=1.701747,-4.855510,-1.990403
Frame=89
RightRot0=-0.998553,0.004167,-0.053614
RightRot1=0.042072,0.681504,-0.730604
RightRot2=-0.033494,0.731802,0.680694
RightPos=-3.218177,-5.787235,3.631684
LeftRot0=-0.832146,-0.149200,0.534109
LeftRot1=-0.245052,0.962925,-0.112805
LeftRot2=0.497477,0.224754,0.837856
LeftPos=1.700374,-4.855057,-1.989279
Frame=90
RightRot0=-0.998536,0.006252,-0.053735
RightRot1=0.043539,0.682399,-0.729682
RightRot2=-0.032107,0.730953,0.681673
RightPos=-3.225043,-5.785970,3.627956
LeftRot0=-0.831667,-0.149464,0.534781
LeftRot1=-0.244906,0.963091,-0.111696
LeftRot2=0.498349,0.223865,0.837576
LeftPos=1.695378,-4.851809,-1.985849
Frame=91
RightRot0=-0.998551,0.007183,-0.053336
RightRot1=0.043849,0.683170,-0.728942
RightRot2=-0.031202,0.730224,0.682495
RightPos=-3.228539,-5.785331,3.626190
LeftRot0=-0.831566,-0.149147,0.535027
LeftRot1=-0.244180,0.963360,-0.110966
LeftRot2=0.498873,0.222918,0.837516
LeftPos=1.693905,-4.850201,-1.985055
Frame=92
RightRot0=-0.998599,0.008034,-0.052311
RightRot1=0.043648,0.684000,-0.728175
RightRot2=-0.029931,0.729438,0.683392
RightPos=-3.232593,-5.783901,3.623276
LeftRot0=-0.831201,-0.148978,0.535641
LeftRot1=-0.243668,0.963587,-0.110117
LeftRot2=0.499732,0.222048,0.837236
LeftPos=1.690830,-4.848368,-1.982577
Frame=93
RightRot0=-0.998528,0.008719,-0.053543
RightRot1=0.045052,0.683087,-0.728947
RightRot2=-0.030219,0.730285,0.682474
RightPos=-3.230799,-5.787630,3.626555
LeftRot0=-0.831006,-0.149843,0.535703
LeftRot1=-0.245109,0.963141,-0.110821
LeftRot2=0.499351,0.223398,0.837103
LeftPos=1.690678,-4.851364,-1.979138
Frame=94
RightRot0=-0.998514,0.008280,-0.053867
RightRot1=0.045000,0.682837,-0.729184
RightRot2=-0.030745,0.730524,0.682195
RightPos=-3.230195,-5.789276,3.629549
LeftRot0=-0.830832,-0.150533,0.535778
LeftRot1=-0.245868,0.962960,-0.110713
LeftRot2=0.499267,0.223714,0.837069
LeftPos=1.691146,-4.852267,-1.978317
Frame=95
RightRot0=-0.998470,0.005947,-0.054982
RightRot1=0.044243,0.682400,-0.729639
RightRot2=-0.033180,0.730955,0.681619
RightPos=-3.226969,-5.792568,3.635901
LeftRot0=-0.831354,-0.149695,0.535203
LeftRot1=-0.244854,0.963192,-0.110942
LeftRot2=0.498896,0.223278,0.837407
LeftPos=1.692902,-4.851766,-1.976414
Frame=96
RightRot0=-0.998463,0.004317,-0.055256
RightRot1=0.043315,0.682787,-0.729333
RightRot2=-0.034579,0.730605,0.681925
RightPos=-3.225445,-5.791096,3.643074
LeftRot0=-0.831889,-0.150666,0.534098
LeftRot1=-0.245432,0.963085,-0.110594
LeftRot2=0.497719,0.223086,0.838158
LeftPos=1.695890,-4.850397,-1.971371
Frame=97
RightRot0=-0.998501,0.004313,-0.054562
RightRot1=0.042778,0.683367,-0.728821
RightRot2=-0.034143,0.730062,0.682528
RightPos=-3.228817,-5.789500,3.645643
LeftRot0=-0.832232,-0.150266,0.533677
LeftRot1=-0.245273,0.963041,-0.111326
LeftRot2=0.497224,0.223545,0.838329
LeftPos=1.697556,-4.850046,-1.967373
Frame=98
RightRot0=-0.998505,0.005668,-0.054372
RightRot1=0.043544,0.683793,-0.728376
RightRot2=-0.033051,0.729654,0.683017
RightPos=-3.234331,-5.789214,3.647849
LeftRot0=-0.831570,-0.151029,0.534493
LeftRot1=-0.245688,0.963075,-0.110113
LeftRot2=0.498126,0.222885,0.837970
LeftPos=1.697207,-4.849726,-1.962720
Frame=99
RightRot0=-0.998537,0.006661,-0.053661
RightRot1=0.043683,0.684271,-0.727919
RightRot2=-0.031870,0.729198,0.683561
RightPos=-3.239788,-5.789099,3.649353
LeftRot0=-0.831843,-0.150924,0.534097
LeftRot1=-0.245250,0.963224,-0.109785
LeftRot2=0.497886,0.222311,0.838265
LeftPos=1.697964,-4.847964,-1.960532
Frame=100
RightRot0=-0.998531,0.007449,-0.053675
RightRot1=0.044220,0.684550,-0.727623
RightRot2=-0.031323,0.728928,0.683874
RightPos=-3.243403,-5.789935,3.650905
LeftRot0=-0.832859,-0.149927,0.532793
LeftRot1=-0.243739,0.963599,-0.109855
LeftRot2=0.496928,0.221356,0.839085
LeftPos=1.699641,-4.847088,-1.959816
Frame=101
RightRot0=-0.998512,0.007042,-0.054074
RightRot1=0.044240,0.684368,-0.727793
RightRot2=-0.031881,0.729103,0.683662
RightPos=-3.244394,-5.789826,3.654015
LeftRot0=-0.832701,-0.150844,0.532781
LeftRot1=-0.244200,0.963597,-0.108849
LeftRot2=0.496967,0.220744,0.839224
LeftPos=1.698784,-4.848073,-1.956777
Frame=102
RightRot0=-0.998488,0.006720,-0.054569
RightRot1=0.044378,0.684410,-0.727745
RightRot2=-0.032457,0.729066,0.683673
RightPos=-3.243045,-5.789276,3.654627
LeftRot0=-0.832496,-0.151121,0.533023
LeftRot1=-0.244512,0.963533,-0.108709
LeftRot2=0.497157,0.220830,0.839089
LeftPos=1.698398,-4.848561,-1.954413
Frame=103
RightRot0=-0.998425,0.006105,-0.055778
RightRot1=0.044845,0.684286,-0.727834
RightRot2=-0.033725,0.729189,0.683482
RightPos=-3.241917,-5.790981,3.659074
LeftRot0=-0.832479,-0.149921,0.533388
LeftRot1=-0.243467,0.963754,-0.109102
LeftRot2=0.497698,0.220687,0.838805
LeftPos=1.697774,-4.852158,-1.945707
Frame=104
RightRot0=-0.998392,0.006373,-0.056331
RightRot1=0.045422,0.684487,-0.727609
RightRot2=-0.033921,0.728998,0.683676
RightPos=-3.243072,-5.789943,3.661348
LeftRot0=-0.832490,-0.150152,0.533306
LeftRot1=-0.243831,0.963638,-0.109309
LeftRot2=0.497501,0.221036,0.838830
LeftPos=1.698838,-4.853091,-1.938386
Frame=105
RightRot0=-0.998413,0.006835,-0.055909
RightRot1=0.045419,0.684739,-0.727372
RightRot2=-0.033311,0.728757,0.683963
RightPos=-3.244230,-5.788738,3.661872
LeftRot0=-0.832503,-0.149655,0.533426
LeftRot1=-0.243585,0.963644,-0.109802
LeftRot2=0.497601,0.221345,0.838690
LeftPos=1.699893,-4.854148,-1.935186
Frame=106
RightRot0=-0.998418,0.007631,-0.055712
RightRot1=0.045808,0.685015,-0.727087
RightRot2=-0.032615,0.728489,0.684281
RightPos=-3.246495,-5.786860,3.663429
LeftRot0=-0.832634,-0.149669,0.533216
LeftRot1=-0.243613,0.963623,-0.109928
LeftRot2=0.497367,0.221428,0.838807
LeftPos=1.702527,-4.854290,-1.930211
Frame=107
RightRot0=-0.998372,0.007093,-0.056607
RightRot1=0.046083,0.685188,-0.726907
RightRot2=-0.033631,0.728332,0.684399
RightPos=-3.245879,-5.784274,3.665916
LeftRot0=-0.834208,-0.148852,0.530981
LeftRot1=-0.242283,0.963901,-0.110428
LeftRot2=0.495376,0.220767,0.840158
LeftPos=1.708524,-4.851901,-1.927759
Frame=108
RightRot0=-0.998388,0.007007,-0.056325
RightRot1=0.045807,0.685450,-0.726678
RightRot2=-0.033516,0.728086,0.684666
RightPos=-3.246554,-5.782754,3.666104
LeftRot0=-0.834581,-0.148824,0.530402
LeftRot1=-0.242133,0.963927,-0.110528
LeftRot2=0.494820,0.220673,0.840510
LeftPos=1.710570,-4.852167,-1.927730
Frame=109
RightRot0=-0.998374,0.008143,-0.056425
RightRot1=0.046646,0.685695,-0.726393
RightRot2=-0.032776,0.727844,0.684960
RightPos=-3.250017,-5.779769,3.666707
LeftRot0=-0.834924,-0.149489,0.529675
LeftRot1=-0.242656,0.963800,-0.110485
LeftRot2=0.493985,0.220775,0.840974
LeftPos=1.713356,-4.851830,-1.926931
Frame=110
RightRot0=-0.998367,0.008369,-0.056510
RightRot1=0.046889,0.685110,-0.726929
RightRot2=-0.032632,0.728392,0.684383
RightPos=-3.251794,-5.782950,3.669762
LeftRot0=-0.835898,-0.149059,0.528258
LeftRot1=-0.242076,0.963879,-0.111074
LeftRot2=0.492620,0.220725,0.841788
LeftPos=1.715379,-4.851275,-1.925849
Frame=111
RightRot0=-0.998368,0.009605,-0.056291
RightRot1=0.047579,0.685009,-0.726979
RightRot2=-0.031577,0.728471,0.684348
RightPos=-3.252100,-5.784401,3.669920
LeftRot0=-0.835874,-0.148169,0.528545
LeftRot1=-0.241092,0.964134,-0.110997
LeftRot2=0.493142,0.220207,0.841618
LeftPos=1.714447,-4.851038,-1.922133
Frame=112
RightRot0=-0.998348,0.010810,-0.056439
RightRot1=0.048499,0.685300,-0.726644
RightRot2=-0.030823,0.728181,0.684692
RightPos=-3.250848,-5.784222,3.669727
LeftRot0=-0.833777,-0.151166,0.531004
LeftRot1=-0.244495,0.963433,-0.109634
LeftRot2=0.495014,0.221238,0.840247
LeftPos=1.711697,-4.853683,-1.915832
Frame=113
RightRot0=-0.998401,0.008504,-0.055890
RightRot1=0.046511,0.685542,-0.726546
RightRot2=-0.032136,0.727984,0.684841
RightPos=-3.246370,-5.781911,3.670512
LeftRot0=-0.833287,-0.151497,0.531678
LeftRot1=-0.245849,0.962940,-0.110932
LeftRot2=0.495168,0.223150,0.839651
LeftPos=1.711460,-4.855912,-1.911279
Frame=114
RightRot0=-0.998376,0.007899,-0.056428
RightRot1=0.046486,0.685590,-0.726502
RightRot2=-0.032948,0.727945,0.684844
RightPos=-3.243182,-5.779606,3.673198
LeftRot0=-0.833510,-0.150467,0.531622
LeftRot1=-0.244705,0.963218,-0.111041
LeftRot2=0.495360,0.222644,0.839672
LeftPos=1.712551,-4.853976,-1.909762
Frame=115
RightRot0=-0.998377,0.008108,-0.056380
RightRot1=0.046598,0.685501,-0.726579
RightRot2=-0.032757,0.728027,0.684766
RightPos=-3.243115,-5.779649,3.675949
LeftRot0=-0.833501,-0.150193,0.531713
LeftRot1=-0.244140,0.963416,-0.110573
LeftRot2=0.495653,0.221975,0.839676
LeftPos=1.713605,-4.851504,-1.909540
Frame=116
RightRot0=-0.998400,0.007578,-0.056033
RightRot1=0.046043,0.684180,-0.727858
RightRot2=-0.032821,0.729274,0.683435
RightPos=-3.243653,-5.780677,3.686420
LeftRot0=-0.834384,-0.149863,0.530420
LeftRot1=-0.243086,0.963736,-0.110098
LeftRot2=0.494685,0.220801,0.840556
LeftPos=1.717016,-4.846195,-1.912480
Frame=117
RightRot0=-0.998403,0.008679,-0.055835
RightRot1=0.046676,0.683601,-0.728362
RightRot2=-0.031847,0.729804,0.682914
RightPos=-3.244803,-5.783999,3.691326
LeftRot0=-0.835361,-0.149759,0.528909
LeftRot1=-0.243077,0.963627,-0.111068
LeftRot2=0.493038,0.221348,0.841379
LeftPos=1.720298,-4.845880,-1.915863
Frame=118
RightRot0=-0.998464,0.008850,-0.054706
RightRot1=0.045957,0.683880,-0.728146
RightRot2=-0.030968,0.729541,0.683236
RightPos=-3.245331,-5.780581,3.693609
LeftRot0=-0.835205,-0.149584,0.529205
LeftRot1=-0.243030,0.963626,-0.111179
LeftRot2=0.493326,0.221470,0.841179
LeftPos=1.720627,-4.844939,-1.915231
Frame=119
RightRot0=-0.998454,0.009238,-0.054813
RightRot1=0.046303,0.683806,-0.728194
RightRot2=-0.030755,0.729606,0.683176
RightPos=-3.244992,-5.781544,3.694236
LeftRot0=-0.834276,-0.150976,0.530273
LeftRot1=-0.244228,0.963467,-0.109931
LeftRot2=0.494303,0.221220,0.840670
LeftPos=1.719521,-4.845387,-1.913148
Frame=120
RightRot0=-0.998453,0.009990,-0.054706
RightRot1=0.046729,0.684053,-0.727934
RightRot2=-0.030149,0.729364,0.683462
RightPos=-3.242021,-5.782879,3.695066
LeftRot0=-0.833642,-0.150661,0.531359
LeftRot1=-0.244030,0.963548,-0.109652
LeftRot2=0.495470,0.221079,0.840020
LeftPos=1.717074,-4.846367,-1.910854
Frame=121
RightRot0=-0.998476,0.009841,-0.054308
RightRot1=0.046330,0.684218,-0.727804
RightRot2=-0.029996,0.729211,0.683631
RightPos=-3.241112,-5.783569,3.694358
LeftRot0=-0.833643,-0.150376,0.531438
LeftRot1=-0.243851,0.963570,-0.109866
LeftRot2=0.495557,0.221180,0.839943
LeftPos=1.717088,-4.847258,-1.910530
Frame=122
RightRot0=-0.998438,0.010034,-0.054965
RightRot1=0.046922,0.684663,-0.727347
RightRot2=-0.030334,0.728790,0.684065
RightPos=-3.238133,-5.783095,3.692344
LeftRot0=-0.833085,-0.150756,0.532206
LeftRot1=-0.244781,0.963284,-0.110302
LeftRot2=0.496036,0.222164,0.839399
LeftPos=1.717647,-4.847757,-1.909076
Frame=123
RightRot0=-0.998459,0.008837,-0.054787
RightRot1=0.045985,0.684407,-0.727649
RightRot2=-0.031067,0.729047,0.683759
RightPos=-3.234250,-5.782447,3.692355
LeftRot0=-0.832918,-0.150475,0.532546
LeftRot1=-0.244311,0.963451,-0.109880
LeftRot2=0.496548,0.221628,0.839239
LeftPos=1.719737,-4.845133,-1.909798
Frame=124
RightRot0=-0.998425,0.009219,-0.055340
RightRot1=0.046663,0.684072,-0.727920
RightRot2=-0.031146,0.729356,0.683425
RightPos=-3.234660,-5.781271,3.694052
LeftRot0=-0.833386,-0.149908,0.531974
LeftRot1=-0.243299,0.963742,-0.109572
LeftRot2=0.496260,0.220745,0.839642
